ExplicitMaxout parameters: 90,965,808
ExplicitMaxout parameters: 121,353,008
['0', '1', '2', '3', '4', '5', '6', '7', '8', '9']
['gretin1', 'cintin1', 'littin1', 'undtin1', 'bartin2', 'horscr1', 'specha3', 'spigua1', 'stwqua1', 'compot1']
[13748, 3711, 3720, 3724, 3706, 712, 9356, 9864, 9049, 8957, 13441, 10390, 9770, 9758, 9769, 9772, 3094, 5483, 7095, 1050, 8001, 5545, 5537, 7760, 14012, 14021, 14016, 14008, 14006, 2685, 7715, 8235, 5290, 8987, 8249, 2177, 4847, 11860, 7803, 4356, 10408, 10406, 2368, 2367, 2108, 3977, 8048, 8049, 8043, 1765, 10463, 471, 1064, 9372, 12707, 4021, 4017, 8643, 4032, 14529, 14523, 14527, 4079, 14494, 10124, 4063, 1411, 11734, 8556, 8569, 8567, 8576, 8577, 6572, 13612, 13626, 13639, 3886, 13448, 10128, 2435, 8537, 331, 5172, 5171, 5175, 3336, 10492, 14196, 8457, 9342, 3492, 5982, 10847, 13808, 13811, 10602, 10606, 6915, 6922, 8495, 7738, 12152, 12673, 8429, 1369, 1374, 11812, 7213, 3280, 10478, 9233, 6833, 9564, 9561, 9574, 2151, 2168, 3924, 14097, 14070, 14094, 4958, 11226, 11228, 1926, 1918, 5791, 3834, 12257, 12262, 13392]
(15120, 165)
[[[84, 61, 121], [26, 18, 81], [31, 119], [99, 116, 113], [4], [], [121], [18, 82, 121, 116], [1, 117, 81, 51], [84, 121, 85], [74, 108, 116, 37], [121, 116], [], [61, 99, 113], [108], [121, 59], [46, 121, 99, 116], [1, 121], [], [121], [], [], [84, 121, 123], [79, 18, 82, 51], [56], [85], [61, 121, 99, 116], [117, 84, 59], [14, 76, 91], [119, 99, 123], [61, 56, 121, 99], [115, 108, 80], [1, 18], [67, 57], [34, 115, 116, 87], [117, 84, 121], [77, 121, 99, 81], [123, 113], [121, 5, 51], [121], [3], [117, 116], [116], [], [80, 121, 99, 123, 108], [115, 74, 14, 24, 84, 67, 71, 121, 131], [], [47, 121], [31, 84, 121, 116], [117, 121], [], [84, 115, 40, 80], [121, 15, 14, 107, 28, 74, 67, 115], [81, 108, 37], [26], [2], [4], [117, 14, 92], [84, 49, 18, 121, 116], [105, 120], [], [], [115, 121], [28, 14, 107, 123], [34], [31], [], [117, 81], [58, 128, 56, 121], [108, 116], [84, 28, 121], [61, 121], [24, 71, 121], [], [121], [17, 130, 117], [2], [74, 80, 108, 116, 37], [35, 117, 1], [81, 85, 18], [128, 117, 125, 116, 37], [31, 96, 99], [61, 99], [], [84], [115, 77, 99], [117, 18, 82, 81, 85], [117, 59, 67], [82, 20], [61, 121], [121, 116], [3, 123, 121], [128, 121, 116, 87], [121, 99, 67], [65, 115, 121, 14, 69, 123, 116, 94], [130], [101, 119, 130, 123], [128, 117, 123, 108], [80, 2, 116, 40], [57, 116], [121], [61, 121], [117, 84, 49, 18], [121, 81], [128, 117, 116], [1, 121, 113, 3, 18, 65], [121, 59], [64, 80, 121, 99, 37], [31], [115, 96, 121, 69], [117, 18, 82, 81, 14, 85], [46, 121, 2, 99, 123], [1, 57], [46, 121, 116], [1, 121, 18], [61, 77, 2, 99, 116], [18, 121, 81, 14, 53, 85, 116], [121], [23], [46, 121, 71, 99], [117, 121], [121], [35], [115, 77, 121, 99], [1, 84], [96, 81, 15], [121], [121]], [[84, 121], [121, 51, 59], [121, 99, 67, 116], [], [46, 61, 2, 99], [121, 99, 7], [117, 121, 81, 116], [84, 121], [31, 119, 129], [123], [], [61, 51], [31, 61, 116], [84, 24, 121, 131], [128, 54, 108, 116], [31, 46, 99, 81], [84, 61, 121], [31, 84, 80], [57, 67], [10, 116], [18, 121], [18, 78, 116], [28, 71, 69, 67], [37, 107, 115, 121, 80], [79, 80, 37], [121, 99], [121], [1, 129], [77], [14, 123], [121, 51], [128, 117, 121, 15, 108, 37], [], [121], [121], [121, 57, 116, 76], [], [119, 130], [104, 77, 121, 99, 69], [84, 18], [84, 121, 2, 81, 15], [46, 99, 67], [31, 121], [28, 115, 121, 94], [117, 82, 59], [17], [], [121], [121, 2, 99], [121, 59], [14, 108, 37], [67, 79, 61], [121], [14, 108, 87], [60, 99, 3, 113], [121], [71, 99, 67, 116], [46, 2, 99], [2], [31, 119, 61], [117, 121, 116], [108, 106], [58, 128, 120], [117, 121, 81], [46, 84, 28, 116], [114, 108], [84, 77, 121, 116], [21, 105], [61, 77], [121, 14, 59], [48, 57, 119], [128, 56, 121], [109, 125, 121], [31, 61], [24, 18, 2, 116, 84, 67, 121], [130], [46, 71, 99, 76, 69, 67], [108], [60], [40, 115, 108, 121], [130, 10, 37], [115, 121, 99], [21, 121], [84, 104, 121, 99, 116, 3], [31, 121, 33], [84, 80, 121, 2], [84, 91], [121], [79, 18, 72, 67], [112, 72, 121, 99], [1, 68, 79], [3], [80, 108, 37], [108, 114, 116, 84, 80, 106], [80], [56, 121], [61, 113], [21, 77, 56], [49, 121, 51, 116], [121], [108], [1, 99, 116], [121, 59], [], [117, 121], [18, 24, 121, 67, 131, 57, 45], [117, 121], [31, 119], [121, 14, 59, 116], [56], [84, 19], [14, 115, 116, 121], [128, 121], [], [119, 32, 99], [3, 113, 18], [78], [2], [84, 18, 116], [128, 4], [], [56, 121], [], [121, 71], [], [121, 115, 107, 37], [1], [4]], [[], [121, 2], [121, 71], [1], [115, 77, 69, 3], [], [58, 33, 120], [26, 84, 24, 82, 14], [121], [31, 121], [128, 121], [130], [56], [119, 32, 99], [26, 121, 67], [80, 76], [79, 18, 82, 51], [28, 80], [84, 115, 121, 36, 94], [1, 113, 18], [2], [18, 82, 121, 85], [1, 117, 116], [121], [109, 117, 121], [121, 81, 116], [77, 2, 99, 116], [108], [123], [31], [26, 117, 18], [34, 121], [117, 121], [117, 84, 121, 116], [121, 43], [31, 119, 129], [74, 87, 67, 121], [26, 117, 18, 121, 67], [31, 26, 117, 61, 67], [1, 121], [], [84, 108, 97], [62], [2], [120], [121], [], [61], [], [46, 32, 115, 121, 99, 116], [121], [56], [121, 71, 99], [121, 99, 116], [121, 115, 37], [58, 121, 2, 125], [31, 26, 117, 61, 82, 59, 67], [130, 10, 116, 90], [1, 121], [121, 99], [18], [99, 81], [56], [84], [112, 121, 108, 87], [108, 35], [14, 116, 115, 121], [121, 125], [84, 107], [21, 4], [21, 46, 61, 121, 2, 99], [1, 80, 121, 14, 37], [117, 84, 61, 121, 51], [], [37, 115, 121], [2], [121], [117, 18, 59, 67, 116], [119, 99, 3, 113], [26, 67], [108, 84, 121], [3, 121], [18, 82, 121, 81], [31, 116], [121, 67, 116], [61, 1, 31, 18], [113, 68], [117, 131, 59], [115, 72, 99, 116, 3], [1, 113, 18], [1, 129, 5], [121], [31], [27, 77, 121], [108, 80, 114], [128, 117, 96, 81, 15], [72, 121, 2, 99], [1, 121], [119, 99, 3], [121], [31, 119, 84, 129], [84, 110, 121], [121, 116], [121], [], [84, 121, 99, 69], [116], [], [61, 121], [56], [121], [], [23], [108, 117], [117, 121, 116], [84, 51, 103], [121, 115, 37, 107, 74], [115, 121, 116, 94], [61, 121, 71, 99], [46, 80], [], [], [], [121, 116], [28, 121, 99, 3, 94], [121], [31, 61, 131], [128, 84, 121]], [[84, 18, 82, 85], [128, 56, 121], [], [31, 121, 6], [1, 84, 76], [119, 80, 121, 37], [18, 78], [13, 51], [74, 92], [121], [58, 4], [121], [119, 116, 3, 37], [], [18, 74, 24, 121, 131], [113, 3], [46, 121, 99, 81], [130, 10, 116, 3], [84, 67, 115, 24, 121, 131], [31, 57], [31, 26, 82], [], [], [131, 81], [18, 102, 130], [26, 84, 81], [113, 1, 18, 129], [], [47], [1, 56, 121, 5], [121], [108, 121, 116, 80, 84], [121, 15, 74, 67], [113], [31, 121], [1, 121, 51], [31, 2, 99], [1, 113, 18], [129, 3, 18], [121, 3], [84, 51], [121, 37, 115, 80, 61], [84, 82, 59, 116], [99], [121], [26, 117, 18, 82, 121, 59, 67, 92], [], [21, 4], [], [84, 18, 82], [49, 124, 99, 3], [58, 121], [123, 91, 3], [121, 99], [108, 121, 84], [31, 80, 2, 37], [121, 81, 116], [1, 18], [], [51, 85], [84, 18, 85, 15, 59, 67], [84, 1, 18, 43, 67], [84, 121, 81], [28, 115, 14], [31], [37, 115, 107, 121], [121, 15, 37], [80, 121, 108, 116, 37], [], [], [84, 49, 20], [31, 121, 2], [84], [2, 56], [121, 123, 94], [117, 57, 59, 67], [46, 61, 56, 71, 99], [121], [31, 121], [121], [58, 31, 120], [84, 49, 18], [128, 117, 116], [67], [121, 15, 74, 67, 28], [31, 61, 71], [121, 81], [58], [], [37], [], [56], [84, 18, 78], [37, 115, 121, 80], [56, 116], [61, 2], [23], [], [116, 80, 121], [80, 121], [31, 119, 84, 3], [117, 84], [130, 123], [121, 99, 67], [121, 116], [71, 99, 67], [], [21, 105, 121, 71], [61, 121, 99, 7], [117, 84, 121, 51], [84, 121], [116], [1, 60, 121], [121, 67], [117, 121], [121, 81, 37], [123, 3, 94], [84, 99], [108, 80, 74], [61, 121, 99, 116], [117, 121], [77, 121, 108], [31, 84, 1, 80, 121, 14, 37], [121, 115, 21, 108], [], [126, 109], [117, 14, 116], [77, 1]], [[77, 121, 2, 99, 116], [125, 81], [56], [2, 117, 89, 17], [84, 18, 121, 85], [121], [117, 84, 19, 85], [84], [84, 18, 82, 81, 14], [121, 99], [121, 67, 28], [121, 14, 1], [99, 123, 3, 113], [18, 82, 121, 81, 14, 85], [14, 123, 87, 94], [], [80, 121, 99, 123, 108], [14, 115, 116, 121], [84, 115, 108], [28, 115, 77, 99, 69, 94], [128, 50, 107], [51, 116], [121], [121], [23], [21], [18, 82, 121, 14, 116], [3, 123, 113, 121], [31, 119, 129, 3], [31, 121], [20], [74, 108, 37], [47, 57], [113], [128, 121, 71, 76], [121], [117, 79, 67], [119, 2, 99, 113], [99, 3, 113, 38], [121, 99, 116], [115, 77, 121, 99, 3], [84, 14, 74, 67, 115, 24, 121, 131], [37], [28, 80, 121, 14, 123, 116], [115, 121, 14, 116, 87], [121, 99, 116], [26, 117, 18, 51], [31, 123], [121, 115, 107], [121, 99, 123], [], [113], [18, 78, 81, 116], [84, 121, 2], [108, 37], [4], [115, 123, 116, 94], [99, 116, 113], [21, 121], [119, 130, 116], [2], [84, 18, 78], [], [], [], [84, 61, 2, 116, 37], [61, 115, 99], [128, 60, 121, 125], [14, 115, 116, 121], [117], [115, 77, 99], [61, 121], [], [61, 121, 99, 116], [56, 18, 85], [117, 84, 121, 81, 116], [84, 80, 2, 37], [31, 121], [74, 72, 116], [130, 126], [84, 108], [58, 121], [84, 123, 116], [58, 105, 120], [], [76, 37], [80, 116, 37], [61, 121, 99], [], [117, 82, 121], [], [99, 3, 113], [61, 121, 99], [74, 80, 92], [84, 121], [1, 121, 51], [61, 108], [113, 18, 3], [121], [84, 34, 115, 14, 108, 116], [130, 82, 85, 67], [46, 121], [121, 51, 81], [123, 121], [121], [113, 1, 68], [], [117, 84], [99, 123], [96, 54, 15], [], [121], [], [1, 84], [61], [18, 121, 85, 67], [121, 2], [84, 121], [56, 3], [], [80, 51, 91], [116], [31, 121], [117, 121], [121], [80, 121, 99], [121, 115, 107, 37], [76]], [[31, 119, 84], [121], [1, 113, 18], [23], [84, 64, 74, 91, 116], [37, 107, 121], [80, 107], [61], [23], [84, 15], [119, 2, 99, 113], [], [121, 74, 61, 57], [1, 121, 18, 51], [74, 108, 37], [108, 97], [1, 18], [115, 121, 116], [], [86, 61, 121], [115, 53, 121], [121], [], [59, 67], [18, 81], [61, 121, 99, 116, 3], [61, 74, 80, 91], [108], [77, 56], [123, 3], [84], [46, 121, 2, 99], [], [84, 108, 121, 122, 67], [121], [80, 2, 116], [80, 2, 76], [84, 24, 115, 14, 108], [84, 81], [84, 18, 78], [102, 121, 59], [18, 82, 121, 59], [31, 119, 3], [84, 18], [121], [121], [119, 130, 116, 3, 37], [61, 80, 121], [121, 116], [61, 67], [56], [126], [61, 121], [31, 3], [121, 51], [123, 3], [120], [31, 61], [61, 121, 99], [77], [84, 80, 76, 116], [117, 17], [31, 119], [31, 117, 84, 121, 108], [121], [], [], [77, 121, 99, 116], [], [46, 61, 121, 99], [130, 99, 3], [121, 2], [56, 57], [], [84], [121, 116], [], [117, 17], [84, 43], [121, 51], [31, 84, 1, 121, 37], [123, 129], [121, 2], [1, 121], [84, 121], [128, 117, 84, 116], [99, 14, 92], [1], [58, 60, 120], [], [121, 116], [121, 84, 113, 31, 18], [117, 84], [117, 61, 82, 76, 67], [121], [26, 56, 18, 121], [84, 28, 121, 107, 91], [130, 61, 123], [84], [113, 1, 129], [117, 84, 108], [], [77], [121, 116], [113, 68], [46, 61], [79, 74, 121, 116], [81, 37], [84, 121, 14, 59, 116], [24, 80, 121, 14, 123], [99, 69, 116], [117, 32, 82, 121, 131, 116], [117, 84, 18, 82, 85], [128, 102, 120], [26, 82, 59, 67], [74, 18, 121, 131], [121, 99, 116], [117, 51, 131, 59], [108, 84], [31, 121], [108, 97, 80], [46, 77, 121, 99, 116], [119, 113], [28, 121, 94], [46, 104, 115, 121, 99], [2, 116], [84, 77, 121], [18, 78]], [[80, 121, 116], [121], [31, 121, 2, 37], [121], [116, 58], [56], [121], [], [61, 56, 99], [84, 115, 121, 107, 44, 108], [31, 119, 129], [121, 99], [78, 81, 76], [121, 18, 108], [81, 116], [71, 99, 67], [], [121], [2], [61], [21, 4, 5], [], [23], [], [], [121, 15, 67, 107, 115], [46, 1, 99, 116], [115, 121, 99, 116], [2], [121], [61, 121], [121, 99], [], [84, 49, 121, 51, 116], [121, 2], [58, 56], [84], [2], [31, 121, 103], [84, 99, 15], [121, 67], [121, 116], [84, 1, 121, 14, 116, 37], [108, 37], [113, 1, 18, 3], [113, 68], [46, 115, 99, 116], [84, 64], [31, 121], [128, 125], [28, 80, 121, 2], [], [71], [46, 121, 2, 99, 81], [], [31, 121, 2, 71, 3], [18], [21, 4], [18, 24, 57, 121, 67], [], [99, 113], [121], [1, 113, 18], [50, 130, 10, 116, 3], [], [31, 61], [121, 15, 14, 67], [84, 74, 121, 51], [18, 116], [46], [], [117, 61, 76, 67], [58, 84, 121, 2], [18, 82, 121, 85], [31], [115, 108, 80, 84, 117], [117, 51, 85], [112, 115, 121, 107, 108], [84, 32, 49, 18, 82, 14, 116], [121, 51], [117, 121], [128, 121], [65, 115, 121, 108], [116], [99, 123, 116], [], [24, 18, 78], [121, 61], [128], [99, 108, 116], [], [], [49, 82, 121, 85], [84, 79, 99, 69], [84, 65, 107, 108], [99, 108], [116], [85, 51, 13], [37], [26, 82, 59, 116], [], [117, 121], [84, 121, 108, 116, 87], [121, 51], [], [31, 80, 2, 37], [121], [1, 80, 76], [], [61, 1, 99, 116], [1], [117, 35], [84, 108], [], [84, 77, 99, 116], [115, 57, 121], [2, 33], [], [], [71], [31, 119, 113], [117, 121, 51, 59], [117, 121], [84, 28, 2, 62], [128, 117, 15, 37], [121, 2], [31], [117, 84]], [[78, 99, 113], [2], [80, 2, 116], [61], [], [31, 84, 80, 116], [116], [117, 82, 59, 67], [58, 128, 84, 120], [128, 61, 121, 116], [128, 84, 96, 81, 15], [121, 76, 116], [128, 84, 15, 116], [77, 121, 2, 116], [], [28, 80, 107, 108], [128, 1], [], [108], [121], [121, 57], [61, 121, 99], [121, 123], [121, 51], [121], [121, 85], [48, 119], [], [128, 121, 125], [], [84, 121], [109, 89, 117], [121, 15], [56], [61, 56, 5, 51], [121, 99, 67], [108, 121], [31, 84, 121], [47, 121], [18, 59, 116], [121], [121], [74, 108, 37], [], [99], [121, 108, 116], [76, 18, 121, 80, 108], [], [], [61, 121], [], [121, 5, 51], [51, 85], [48], [], [18, 116, 35, 81], [113, 3, 121], [56], [], [117, 84, 59], [99, 116, 113], [], [14, 108], [121], [108], [28, 115, 121, 94], [117, 84, 18, 82, 51, 59], [31], [130, 123], [31, 121], [84, 51, 123], [76, 121], [123, 121], [108, 125, 121], [86, 116], [74, 108], [84, 18, 85], [24, 18, 121], [121, 2], [121], [121], [24, 18, 82, 121, 85], [80, 14, 37], [26, 117, 67], [117, 84, 116], [84, 51, 103], [], [31, 84, 121, 116, 37], [117, 37], [61, 113, 18], [], [84, 99, 116], [18, 82, 121, 85], [84, 19, 18, 85, 67], [], [], [31, 116], [117, 69], [18, 82, 121, 85], [1, 121], [], [3, 61, 129], [121, 15, 67, 107], [18, 82, 121, 85, 116], [121, 125], [121, 81], [128], [68, 99, 113], [61, 99, 116], [], [119, 117], [128, 121], [26, 117, 82, 51, 131], [21], [128, 84, 14, 125], [113, 1, 31, 18, 129, 84, 3], [51], [129, 3, 18], [46, 61], [77, 99], [121, 67, 61], [], [31, 80, 76], [], [61], [31, 121, 87], [84, 108, 121, 80], [31]], [[46, 121], [128], [14], [121, 2, 37], [116, 37], [31, 121, 99], [117, 18, 14], [119, 99, 14, 3, 113], [121, 123], [119, 130, 65, 116], [121], [121, 74, 57], [2], [1, 113, 18], [21], [121], [46, 121], [128], [31], [115, 121], [], [121], [124, 99, 113], [121], [28, 121, 3], [28, 76], [109, 49, 121, 51], [117, 121], [121], [21, 4], [96, 81, 37], [117, 56], [121], [84], [64, 74, 121, 99, 92], [74], [21, 4], [21], [77, 121], [113, 129, 84], [99], [53, 121], [84, 115, 18, 2, 24, 121], [129, 3, 18], [3, 18], [24, 18, 2, 74, 84, 67, 121], [31, 61, 116], [117, 14, 92], [121], [26, 59], [117, 84, 87], [3, 18], [117, 84, 121], [], [28, 80, 116], [117, 130], [128, 121, 2, 81, 15, 116], [128, 121], [99], [121], [48, 57, 119], [23], [115, 14, 116, 87], [84, 121, 116], [46, 115, 77, 121, 99, 116], [], [113, 84, 129, 18], [117, 84, 1, 15, 67, 116], [113, 123, 121, 65], [31, 121, 99], [3, 113, 18], [46, 61, 77, 121, 99, 81], [], [2], [121, 51], [61, 85], [61], [56, 2, 119], [20, 99], [26, 117, 18], [104, 121, 116, 87, 94], [119, 121], [108, 87], [121, 81, 14], [99, 123], [2, 121], [115, 108, 116, 87], [120], [51, 116], [], [121, 57], [31, 32, 130, 123, 10], [], [80, 108, 116], [121, 6], [128, 84, 81, 116, 37], [37], [84, 28, 80, 107], [18, 121], [], [47], [84, 77, 121, 99, 14, 15], [61, 121], [61, 99, 116], [3, 123, 65, 68, 121], [], [22, 23], [130], [121, 84], [84], [31, 121, 76, 116, 92, 37], [67], [117], [51], [22], [117], [117, 84], [117, 82, 121, 131, 59], [121, 76], [108], [117, 69], [], [61, 121], [84, 34, 115, 36, 3], [121], [84, 82, 121, 59, 67], [2, 99, 116], [121]], [[46, 61, 99], [18, 116], [60, 14, 125, 116], [84, 74, 121, 108], [116], [130, 117], [84, 96, 15], [121], [80], [84, 99], [128, 64, 81, 15], [61, 2, 99], [119, 10, 3, 37, 113], [], [84, 121, 99], [108, 121], [84, 115, 121, 108], [84, 72, 121, 99], [113, 3, 32], [51, 87, 103], [123, 121], [18, 121, 85], [31], [18, 82, 121, 85], [3], [18, 116], [130, 117], [], [128, 99, 81, 107, 15], [2], [115, 77, 121, 99], [18, 57, 121, 80], [80, 43, 108], [26, 18], [84, 67], [91], [121, 81], [128, 117, 84], [51], [84, 80, 121], [121, 6], [24, 57, 121], [84, 59, 67], [31, 119], [128, 117, 84, 121], [], [121, 99], [46, 121, 99], [26, 18, 15, 116], [74, 18, 24, 121, 131], [58, 84, 120], [84, 115, 121, 14, 108], [56], [21, 23], [128, 121], [81, 37], [121], [18, 74, 121, 131], [4, 120], [113, 1, 3, 129], [61, 104, 115], [99, 123, 116], [], [28, 108], [117, 59], [84, 115, 121], [121, 71, 125], [119, 78, 2, 113], [2], [84, 112, 121, 108, 87], [61, 99, 108, 116], [121, 116], [121, 5, 51], [2], [119, 10, 3, 37], [1, 84], [121, 51], [117, 84, 121], [61], [37, 121, 80, 107], [], [2, 119], [115, 77, 121, 99], [121, 116, 87], [113, 18], [128, 121], [119, 129, 37], [85, 76, 121], [31, 119, 84], [108, 116], [97, 117], [119, 124, 99], [61, 121, 99, 7], [99, 116], [123, 108], [74, 24, 57, 121, 67], [32, 61, 72, 99], [121, 5], [80, 37], [84, 121, 14, 116], [121], [31, 2], [31, 1, 121, 116, 37], [99, 122, 116], [121, 51], [121], [21], [72, 99, 116], [121], [46, 121], [121], [31, 61], [4], [117, 121], [121], [24, 121, 14, 59], [22], [], [119, 52, 123, 10, 3], [31, 3, 113], [19, 18, 85], [121, 2], [34], [31, 3, 113], [51, 130], [128, 117, 56, 121], [1], [84, 49, 121, 17, 116]]]

=== DATA SHAPE CHECK ===
Audio embeddings: (15120, 1536)
ST encodings: (15120, 165)
Labels multi-hot: (15120, 132)
(15120, 1536)
(15120, 165)
(15120, 132)
Dataset using numpy arrays
15120
Class 0 (pretrain 13748): AUROC=0.809, AP=0.229, positives=15.0
Class 1 (pretrain 3711): AUROC=0.812, AP=0.178, positives=728.0
Class 2 (pretrain 3720): AUROC=0.698, AP=0.113, positives=950.0
Class 3 (pretrain 3724): AUROC=0.829, AP=0.305, positives=667.0
Class 4 (pretrain 3706): AUROC=0.821, AP=0.199, positives=109.0
Class 5 (pretrain 712): AUROC=0.653, AP=0.085, positives=116.0
Class 6 (pretrain 9356): AUROC=0.664, AP=0.002, positives=12.0
Class 7 (pretrain 9864): AUROC=0.642, AP=0.056, positives=71.0
Class 8 (pretrain 9049): AUROC=0.998, AP=0.421, positives=8.0
Class 9 (pretrain 8957): AUROC=0.972, AP=0.516, positives=5.0
Class 10 (pretrain 13441): AUROC=0.877, AP=0.132, positives=97.0
Class 11 (pretrain 10390): AUROC=0.682, AP=0.004, positives=3.0
Class 12 (pretrain 9770): AUROC=0.993, AP=0.218, positives=6.0
Class 13 (pretrain 9758): AUROC=0.893, AP=0.058, positives=32.0
Class 14 (pretrain 9769): AUROC=0.828, AP=0.258, positives=692.0
Class 15 (pretrain 9772): AUROC=0.903, AP=0.258, positives=254.0
Class 16 (pretrain 3094): AUROC=0.873, AP=0.001, positives=2.0
Class 17 (pretrain 5483): AUROC=0.629, AP=0.008, positives=87.0
Class 18 (pretrain 7095): AUROC=0.770, AP=0.236, positives=1181.0
Class 19 (pretrain 1050): AUROC=0.706, AP=0.114, positives=18.0
Class 20 (pretrain 8001): AUROC=0.853, AP=0.124, positives=45.0
Class 21 (pretrain 5545): AUROC=0.638, AP=0.099, positives=173.0
Class 22 (pretrain 5537): AUROC=0.883, AP=0.165, positives=59.0
Class 23 (pretrain 7760): AUROC=0.971, AP=0.640, positives=87.0
Class 24 (pretrain 14012): AUROC=0.940, AP=0.717, positives=303.0
Class 25 (pretrain 14021): AUROC=0.645, AP=0.001, positives=11.0
Class 26 (pretrain 14016): AUROC=0.777, AP=0.324, positives=204.0
Class 27 (pretrain 14008): AUROC=0.340, AP=0.001, positives=14.0
Class 28 (pretrain 14006): AUROC=0.657, AP=0.036, positives=282.0
Class 29 (pretrain 2685): AUROC=0.998, AP=0.033, positives=1.0
Class 30 (pretrain 7715): AUROC=0.243, AP=0.000, positives=4.0
Class 31 (pretrain 8235): AUROC=0.868, AP=0.608, positives=789.0
Class 32 (pretrain 5290): AUROC=0.762, AP=0.064, positives=120.0
Class 33 (pretrain 8987): AUROC=0.780, AP=0.079, positives=38.0
Class 34 (pretrain 8249): AUROC=0.873, AP=0.317, positives=87.0
Class 35 (pretrain 2177): AUROC=0.655, AP=0.039, positives=39.0
Class 36 (pretrain 4847): AUROC=0.541, AP=0.013, positives=26.0
Class 37 (pretrain 11860): AUROC=0.867, AP=0.565, positives=761.0
Class 38 (pretrain 7803): AUROC=0.393, AP=0.000, positives=2.0
Class 39 (pretrain 4356): AUROC=0.341, AP=0.000, positives=4.0
Class 40 (pretrain 10408): AUROC=0.578, AP=0.001, positives=16.0
Class 41 (pretrain 10406): AUROC=0.594, AP=0.167, positives=3.0
Class 42 (pretrain 2368): AUROC=0.667, AP=0.001, positives=10.0
Class 43 (pretrain 2367): AUROC=0.738, AP=0.154, positives=46.0
Class 44 (pretrain 2108): AUROC=0.836, AP=0.027, positives=35.0
Class 45 (pretrain 3977): AUROC=0.766, AP=0.189, positives=11.0
Class 46 (pretrain 8048): AUROC=0.910, AP=0.584, positives=402.0
Class 47 (pretrain 8049): AUROC=0.866, AP=0.155, positives=53.0
Class 48 (pretrain 8043): AUROC=0.827, AP=0.042, positives=70.0
Class 49 (pretrain 1765): AUROC=0.800, AP=0.247, positives=121.0
Class 50 (pretrain 10463): AUROC=0.781, AP=0.114, positives=27.0
Class 51 (pretrain 471): AUROC=0.859, AP=0.537, positives=666.0
Class 52 (pretrain 1064): AUROC=0.875, AP=0.029, positives=6.0
Class 53 (pretrain 9372): AUROC=0.914, AP=0.213, positives=52.0
Class 54 (pretrain 12707): AUROC=0.804, AP=0.109, positives=22.0
Class 55 (pretrain 4021): AUROC=0.957, AP=0.086, positives=12.0
Class 56 (pretrain 4017): AUROC=0.838, AP=0.470, positives=341.0
Class 57 (pretrain 8643): AUROC=0.822, AP=0.242, positives=271.0
Class 58 (pretrain 4032): AUROC=0.709, AP=0.099, positives=224.0
Class 59 (pretrain 14529): AUROC=0.898, AP=0.582, positives=304.0
Class 60 (pretrain 14523): AUROC=0.472, AP=0.004, positives=65.0
Class 61 (pretrain 14527): AUROC=0.817, AP=0.427, positives=905.0
Class 62 (pretrain 4079): AUROC=0.965, AP=0.291, positives=32.0
Class 63 (pretrain 14494): AUROC=1.000, AP=1.000, positives=1.0
Class 64 (pretrain 10124): AUROC=0.715, AP=0.019, positives=76.0
Class 65 (pretrain 4063): AUROC=0.542, AP=0.017, positives=88.0
Class 66 (pretrain 1411): AUROC=0.029, AP=0.000, positives=1.0
Class 67 (pretrain 11734): AUROC=0.865, AP=0.378, positives=598.0
Class 68 (pretrain 8556): AUROC=0.487, AP=0.005, positives=87.0
Class 69 (pretrain 8569): AUROC=0.623, AP=0.019, positives=162.0
Class 70 (pretrain 8567): AUROC=0.537, AP=0.002, positives=14.0
Class 71 (pretrain 8576): AUROC=0.642, AP=0.051, positives=239.0
Class 72 (pretrain 8577): AUROC=0.804, AP=0.085, positives=94.0
Class 73 (pretrain 6572): AUROC=0.641, AP=0.008, positives=21.0
Class 74 (pretrain 13612): AUROC=0.613, AP=0.061, positives=370.0
Class 75 (pretrain 13626): AUROC=0.660, AP=0.000, positives=2.0
Class 76 (pretrain 13639): AUROC=0.705, AP=0.110, positives=245.0
Class 77 (pretrain 3886): AUROC=0.768, AP=0.179, positives=311.0
Class 78 (pretrain 13448): AUROC=0.855, AP=0.253, positives=185.0
Class 79 (pretrain 10128): AUROC=0.826, AP=0.224, positives=109.0
Class 80 (pretrain 2435): AUROC=0.681, AP=0.112, positives=785.0
Class 81 (pretrain 8537): AUROC=0.715, AP=0.214, positives=613.0
Class 82 (pretrain 331): AUROC=0.366, AP=0.022, positives=376.0
Class 83 (pretrain 5172): AUROC=0.217, AP=0.000, positives=4.0
Class 84 (pretrain 5171): AUROC=0.710, AP=0.410, positives=2278.0
Class 85 (pretrain 5175): AUROC=0.840, AP=0.467, positives=415.0
Class 86 (pretrain 3336): AUROC=0.483, AP=0.114, positives=21.0
Class 87 (pretrain 10492): AUROC=0.632, AP=0.045, positives=166.0
Class 88 (pretrain 14196): AUROC=0.095, AP=0.000, positives=1.0
Class 89 (pretrain 8457): AUROC=0.740, AP=0.055, positives=21.0
Class 90 (pretrain 9342): AUROC=0.536, AP=0.001, positives=9.0
Class 91 (pretrain 3492): AUROC=0.815, AP=0.301, positives=74.0
Class 92 (pretrain 5982): AUROC=0.702, AP=0.008, positives=60.0
Class 93 (pretrain 10847): AUROC=0.957, AP=0.002, positives=2.0
Class 94 (pretrain 13808): AUROC=0.724, AP=0.030, positives=123.0
Class 95 (pretrain 13811): AUROC=0.478, AP=0.000, positives=2.0
Class 96 (pretrain 10602): AUROC=0.803, AP=0.028, positives=127.0
Class 97 (pretrain 10606): AUROC=0.745, AP=0.005, positives=26.0
Class 98 (pretrain 6915): AUROC=0.988, AP=0.006, positives=1.0
Class 99 (pretrain 6922): AUROC=0.780, AP=0.571, positives=1688.0
Class 100 (pretrain 8495): AUROC=0.960, AP=0.051, positives=2.0
Class 101 (pretrain 7738): AUROC=0.842, AP=0.009, positives=21.0
Class 102 (pretrain 12152): AUROC=0.590, AP=0.028, positives=33.0
Class 103 (pretrain 12673): AUROC=0.594, AP=0.007, positives=61.0
Class 104 (pretrain 8429): AUROC=0.925, AP=0.395, positives=100.0
Class 105 (pretrain 1369): AUROC=0.755, AP=0.010, positives=44.0
Class 106 (pretrain 1374): AUROC=0.345, AP=0.001, positives=22.0
Class 107 (pretrain 11812): AUROC=0.742, AP=0.105, positives=246.0
Class 108 (pretrain 7213): AUROC=0.921, AP=0.753, positives=1046.0
Class 109 (pretrain 3280): AUROC=0.879, AP=0.456, positives=53.0
Class 110 (pretrain 10478): AUROC=0.695, AP=0.003, positives=5.0
Class 111 (pretrain 9233): AUROC=0.575, AP=0.000, positives=1.0
Class 112 (pretrain 6833): AUROC=0.733, AP=0.082, positives=34.0
Class 113 (pretrain 9564): AUROC=0.916, AP=0.580, positives=655.0
Class 114 (pretrain 9561): AUROC=0.500, AP=0.004, positives=66.0
Class 115 (pretrain 9574): AUROC=0.891, AP=0.425, positives=732.0
Class 116 (pretrain 2151): AUROC=0.861, AP=0.667, positives=2015.0
Class 117 (pretrain 2168): AUROC=0.779, AP=0.420, positives=1487.0
Class 118 (pretrain 3924): AUROC=0.715, AP=0.001, positives=10.0
Class 119 (pretrain 14097): AUROC=0.759, AP=0.107, positives=446.0
Class 120 (pretrain 14070): AUROC=0.929, AP=0.133, positives=233.0
Class 121 (pretrain 14094): AUROC=0.788, AP=0.702, positives=6167.0
Class 122 (pretrain 4958): AUROC=0.551, AP=0.001, positives=12.0
Class 123 (pretrain 11226): AUROC=0.847, AP=0.490, positives=501.0
Class 124 (pretrain 11228): AUROC=0.876, AP=0.096, positives=14.0
Class 125 (pretrain 1926): AUROC=0.582, AP=0.032, positives=183.0
Class 126 (pretrain 1918): AUROC=0.905, AP=0.130, positives=39.0
Class 127 (pretrain 5791): AUROC=0.236, AP=0.000, positives=2.0
Class 128 (pretrain 3834): AUROC=0.834, AP=0.551, positives=584.0
Class 129 (pretrain 12257): AUROC=0.672, AP=0.054, positives=160.0
Class 130 (pretrain 12262): AUROC=0.706, AP=0.158, positives=280.0
Class 131 (pretrain 13392): AUROC=0.933, AP=0.245, positives=207.0
Audio-only scores: {'macro_auroc': np.float64(0.7312728847064585), 'cmap': np.float64(0.1779458908293528), 'micro_auroc': 0.8010457456323786, 'micro_map': 0.19240256530036876, 'auroc_per_class': [0.809008054728015, 0.8123703396728341, 0.6983457638450395, 0.8292347287921111, 0.8214715936142242, 0.6531465172505724, 0.6644823934339422, 0.6424857203557581, 0.9980479089465325, 0.9717102216341383, 0.876918621687296, 0.6822120791162268, 0.9930638260332583, 0.892646474019088, 0.8275436550797983, 0.9027838983634378, 0.8731975128985315, 0.6292302528307455, 0.7703264234833778, 0.7064958283671038, 0.8526427123641055, 0.6378947425411793, 0.8832898754106183, 0.9713893801452895, 0.940190344201458, 0.6450640497235242, 0.77684625405539, 0.3398034839515045, 0.6569822881445857, 0.9980818837224685, 0.24280563641174913, 0.867501111463985, 0.7621855555555554, 0.7799503067441845, 0.8725570029460092, 0.6547073155388254, 0.5405815861626118, 0.8668108817273301, 0.3929421881201217, 0.3407482138131781, 0.5777401681673728, 0.594474212255518, 0.6669291859695566, 0.7375765066252863, 0.8364979402433826, 0.7662952243996655, 0.9104531696727667, 0.8660361079004346, 0.8270023730422401, 0.8000136648228339, 0.781389950209933, 0.8593973799453252, 0.8745754488112566, 0.9137104102427969, 0.8042636592444514, 0.9565186214808932, 0.8381887075641727, 0.8221753350269715, 0.7090149440885376, 0.8978581343426737, 0.4721865978591319, 0.8172721213098763, 0.964543428552492, 1.0, 0.7150787514518815, 0.5416221908413565, 0.029499305509623652, 0.8651366926158397, 0.48742192463935663, 0.6229646714504316, 0.5372486807512625, 0.6421198129990252, 0.8040789581746248, 0.6410437146578613, 0.6127279890059552, 0.6596110596639767, 0.7047599382610187, 0.7682965885653528, 0.8546014712402392, 0.8263059688949816, 0.681156849633097, 0.7150860736522426, 0.3659773070329366, 0.2173193966657846, 0.7102542394434198, 0.8398649750310321, 0.4830941185004368, 0.6321379539825747, 0.09517825252992917, 0.7395712109600446, 0.5362171780674858, 0.8148372019500559, 0.7020119521912351, 0.9574348458790846, 0.7237431226082615, 0.4778409842571768, 0.8033276421385098, 0.7446845919417803, 0.9882267345723923, 0.7802269867671177, 0.960312210609869, 0.8417555246484314, 0.5902091103920494, 0.5943061118072195, 0.9253728362183756, 0.7547366072505367, 0.34480485073278816, 0.7416074155699202, 0.9205903186951462, 0.8787215844698711, 0.6945021501819386, 0.5747734638534294, 0.7328600338451701, 0.9162315460060212, 0.500198779343857, 0.8906139622271747, 0.8605551647648361, 0.7792427399969151, 0.7146393117140966, 0.7587607286857998, 0.9291525486274139, 0.788382074046091, 0.5512145882975907, 0.8471584090864717, 0.8759196913241664, 0.582244516221317, 0.9049814760974498, 0.23635732239714247, 0.8339647761627249, 0.6716565006684492, 0.706322920677705, 0.9333522514318959], 'ap_per_class': [0.22895846187914307, 0.17750431388100602, 0.11303180299752837, 0.3045977865752866, 0.1994987327573182, 0.0851120957121275, 0.0019213914888977892, 0.05618993601358206, 0.4208648385175103, 0.5155725796991599, 0.1322716191064284, 0.003883177468933831, 0.21764491034843106, 0.05800900914214244, 0.2577118532156984, 0.25809518435810663, 0.0007595914224339973, 0.007845534473683193, 0.23558146497275714, 0.11354726886380509, 0.1241314631266446, 0.09938930233990796, 0.16502647529037395, 0.6399726856739613, 0.7174283163396433, 0.001343364939058023, 0.3243095682522621, 0.001091586825131048, 0.03579764080392324, 0.03333333333333333, 0.0002080237435507475, 0.6081300242872575, 0.06362152008757102, 0.07852226095572505, 0.3166997251750016, 0.03948579846580879, 0.012615140959125718, 0.5650051326153156, 0.00015885611569128866, 0.00023869364638400272, 0.0012628657542876017, 0.16686812713238508, 0.0012435560222102912, 0.15400004245746013, 0.026519601988890116, 0.18865278203983782, 0.5843027702329435, 0.15470503747872405, 0.04215484115850055, 0.24690789464002463, 0.11413292161135238, 0.537275394577325, 0.029092914224570148, 0.2133439595628916, 0.10866167816866511, 0.08614629665556692, 0.4703337464131966, 0.24245578574852397, 0.09915742487534475, 0.5823378271772308, 0.004012421817176181, 0.4274426715208886, 0.29057140750834837, 1.0, 0.019219847587697025, 0.0166834862520492, 6.814774430966335e-05, 0.3777409766620346, 0.005180329295859286, 0.01919704499330882, 0.002026653192889467, 0.05066156094733559, 0.08534378010160046, 0.0077461477002607184, 0.06126879898536597, 0.00028319516128259874, 0.10978532000354763, 0.17928906878340195, 0.25301576428358896, 0.22440718080246633, 0.11230803965629428, 0.21371478110095704, 0.02159697111900722, 0.00022349608397078356, 0.4095268475759653, 0.4666889325567364, 0.11385454861026306, 0.044915968899216466, 7.309407207075506e-05, 0.055194408532909835, 0.0008452037444242619, 0.3011702745651888, 0.0080860070739186, 0.0023037198846284357, 0.030345109417433628, 0.0003099539864979043, 0.02783488251732404, 0.005041149893503394, 0.00558659217877095, 0.57128339300527, 0.050838222967309304, 0.009188130496056796, 0.028281649959023887, 0.006788448353989582, 0.39530673390636667, 0.010295482095796137, 0.0010568235195274947, 0.10482445775701225, 0.7526488400124691, 0.4563785704281452, 0.0026471221611719235, 0.00015552099533437013, 0.08225315226490841, 0.5800812074344438, 0.0041186444863507326, 0.4254390075370661, 0.6672727181311259, 0.4203505185278704, 0.0013793770548532498, 0.10709673771791045, 0.1334327225181277, 0.7016986749202251, 0.0008941733671518702, 0.48973512410609776, 0.09629654274395577, 0.03217733319600238, 0.129707941520125, 0.00012766445608555096, 0.550922311971882, 0.05416453996987215, 0.15844994063383366, 0.2453361426571372], 'class_info': [{'class_idx': 0, 'pretrain_idx': 13748, 'n_positives': np.float32(15.0), 'auroc': 0.809008054728015, 'ap': 0.22895846187914307}, {'class_idx': 1, 'pretrain_idx': 3711, 'n_positives': np.float32(728.0), 'auroc': 0.8123703396728341, 'ap': 0.17750431388100602}, {'class_idx': 2, 'pretrain_idx': 3720, 'n_positives': np.float32(950.0), 'auroc': 0.6983457638450395, 'ap': 0.11303180299752837}, {'class_idx': 3, 'pretrain_idx': 3724, 'n_positives': np.float32(667.0), 'auroc': 0.8292347287921111, 'ap': 0.3045977865752866}, {'class_idx': 4, 'pretrain_idx': 3706, 'n_positives': np.float32(109.0), 'auroc': 0.8214715936142242, 'ap': 0.1994987327573182}, {'class_idx': 5, 'pretrain_idx': 712, 'n_positives': np.float32(116.0), 'auroc': 0.6531465172505724, 'ap': 0.0851120957121275}, {'class_idx': 6, 'pretrain_idx': 9356, 'n_positives': np.float32(12.0), 'auroc': 0.6644823934339422, 'ap': 0.0019213914888977892}, {'class_idx': 7, 'pretrain_idx': 9864, 'n_positives': np.float32(71.0), 'auroc': 0.6424857203557581, 'ap': 0.05618993601358206}, {'class_idx': 8, 'pretrain_idx': 9049, 'n_positives': np.float32(8.0), 'auroc': 0.9980479089465325, 'ap': 0.4208648385175103}, {'class_idx': 9, 'pretrain_idx': 8957, 'n_positives': np.float32(5.0), 'auroc': 0.9717102216341383, 'ap': 0.5155725796991599}, {'class_idx': 10, 'pretrain_idx': 13441, 'n_positives': np.float32(97.0), 'auroc': 0.876918621687296, 'ap': 0.1322716191064284}, {'class_idx': 11, 'pretrain_idx': 10390, 'n_positives': np.float32(3.0), 'auroc': 0.6822120791162268, 'ap': 0.003883177468933831}, {'class_idx': 12, 'pretrain_idx': 9770, 'n_positives': np.float32(6.0), 'auroc': 0.9930638260332583, 'ap': 0.21764491034843106}, {'class_idx': 13, 'pretrain_idx': 9758, 'n_positives': np.float32(32.0), 'auroc': 0.892646474019088, 'ap': 0.05800900914214244}, {'class_idx': 14, 'pretrain_idx': 9769, 'n_positives': np.float32(692.0), 'auroc': 0.8275436550797983, 'ap': 0.2577118532156984}, {'class_idx': 15, 'pretrain_idx': 9772, 'n_positives': np.float32(254.0), 'auroc': 0.9027838983634378, 'ap': 0.25809518435810663}, {'class_idx': 16, 'pretrain_idx': 3094, 'n_positives': np.float32(2.0), 'auroc': 0.8731975128985315, 'ap': 0.0007595914224339973}, {'class_idx': 17, 'pretrain_idx': 5483, 'n_positives': np.float32(87.0), 'auroc': 0.6292302528307455, 'ap': 0.007845534473683193}, {'class_idx': 18, 'pretrain_idx': 7095, 'n_positives': np.float32(1181.0), 'auroc': 0.7703264234833778, 'ap': 0.23558146497275714}, {'class_idx': 19, 'pretrain_idx': 1050, 'n_positives': np.float32(18.0), 'auroc': 0.7064958283671038, 'ap': 0.11354726886380509}, {'class_idx': 20, 'pretrain_idx': 8001, 'n_positives': np.float32(45.0), 'auroc': 0.8526427123641055, 'ap': 0.1241314631266446}, {'class_idx': 21, 'pretrain_idx': 5545, 'n_positives': np.float32(173.0), 'auroc': 0.6378947425411793, 'ap': 0.09938930233990796}, {'class_idx': 22, 'pretrain_idx': 5537, 'n_positives': np.float32(59.0), 'auroc': 0.8832898754106183, 'ap': 0.16502647529037395}, {'class_idx': 23, 'pretrain_idx': 7760, 'n_positives': np.float32(87.0), 'auroc': 0.9713893801452895, 'ap': 0.6399726856739613}, {'class_idx': 24, 'pretrain_idx': 14012, 'n_positives': np.float32(303.0), 'auroc': 0.940190344201458, 'ap': 0.7174283163396433}, {'class_idx': 25, 'pretrain_idx': 14021, 'n_positives': np.float32(11.0), 'auroc': 0.6450640497235242, 'ap': 0.001343364939058023}, {'class_idx': 26, 'pretrain_idx': 14016, 'n_positives': np.float32(204.0), 'auroc': 0.77684625405539, 'ap': 0.3243095682522621}, {'class_idx': 27, 'pretrain_idx': 14008, 'n_positives': np.float32(14.0), 'auroc': 0.3398034839515045, 'ap': 0.001091586825131048}, {'class_idx': 28, 'pretrain_idx': 14006, 'n_positives': np.float32(282.0), 'auroc': 0.6569822881445857, 'ap': 0.03579764080392324}, {'class_idx': 29, 'pretrain_idx': 2685, 'n_positives': np.float32(1.0), 'auroc': 0.9980818837224685, 'ap': 0.03333333333333333}, {'class_idx': 30, 'pretrain_idx': 7715, 'n_positives': np.float32(4.0), 'auroc': 0.24280563641174913, 'ap': 0.0002080237435507475}, {'class_idx': 31, 'pretrain_idx': 8235, 'n_positives': np.float32(789.0), 'auroc': 0.867501111463985, 'ap': 0.6081300242872575}, {'class_idx': 32, 'pretrain_idx': 5290, 'n_positives': np.float32(120.0), 'auroc': 0.7621855555555554, 'ap': 0.06362152008757102}, {'class_idx': 33, 'pretrain_idx': 8987, 'n_positives': np.float32(38.0), 'auroc': 0.7799503067441845, 'ap': 0.07852226095572505}, {'class_idx': 34, 'pretrain_idx': 8249, 'n_positives': np.float32(87.0), 'auroc': 0.8725570029460092, 'ap': 0.3166997251750016}, {'class_idx': 35, 'pretrain_idx': 2177, 'n_positives': np.float32(39.0), 'auroc': 0.6547073155388254, 'ap': 0.03948579846580879}, {'class_idx': 36, 'pretrain_idx': 4847, 'n_positives': np.float32(26.0), 'auroc': 0.5405815861626118, 'ap': 0.012615140959125718}, {'class_idx': 37, 'pretrain_idx': 11860, 'n_positives': np.float32(761.0), 'auroc': 0.8668108817273301, 'ap': 0.5650051326153156}, {'class_idx': 38, 'pretrain_idx': 7803, 'n_positives': np.float32(2.0), 'auroc': 0.3929421881201217, 'ap': 0.00015885611569128866}, {'class_idx': 39, 'pretrain_idx': 4356, 'n_positives': np.float32(4.0), 'auroc': 0.3407482138131781, 'ap': 0.00023869364638400272}, {'class_idx': 40, 'pretrain_idx': 10408, 'n_positives': np.float32(16.0), 'auroc': 0.5777401681673728, 'ap': 0.0012628657542876017}, {'class_idx': 41, 'pretrain_idx': 10406, 'n_positives': np.float32(3.0), 'auroc': 0.594474212255518, 'ap': 0.16686812713238508}, {'class_idx': 42, 'pretrain_idx': 2368, 'n_positives': np.float32(10.0), 'auroc': 0.6669291859695566, 'ap': 0.0012435560222102912}, {'class_idx': 43, 'pretrain_idx': 2367, 'n_positives': np.float32(46.0), 'auroc': 0.7375765066252863, 'ap': 0.15400004245746013}, {'class_idx': 44, 'pretrain_idx': 2108, 'n_positives': np.float32(35.0), 'auroc': 0.8364979402433826, 'ap': 0.026519601988890116}, {'class_idx': 45, 'pretrain_idx': 3977, 'n_positives': np.float32(11.0), 'auroc': 0.7662952243996655, 'ap': 0.18865278203983782}, {'class_idx': 46, 'pretrain_idx': 8048, 'n_positives': np.float32(402.0), 'auroc': 0.9104531696727667, 'ap': 0.5843027702329435}, {'class_idx': 47, 'pretrain_idx': 8049, 'n_positives': np.float32(53.0), 'auroc': 0.8660361079004346, 'ap': 0.15470503747872405}, {'class_idx': 48, 'pretrain_idx': 8043, 'n_positives': np.float32(70.0), 'auroc': 0.8270023730422401, 'ap': 0.04215484115850055}, {'class_idx': 49, 'pretrain_idx': 1765, 'n_positives': np.float32(121.0), 'auroc': 0.8000136648228339, 'ap': 0.24690789464002463}, {'class_idx': 50, 'pretrain_idx': 10463, 'n_positives': np.float32(27.0), 'auroc': 0.781389950209933, 'ap': 0.11413292161135238}, {'class_idx': 51, 'pretrain_idx': 471, 'n_positives': np.float32(666.0), 'auroc': 0.8593973799453252, 'ap': 0.537275394577325}, {'class_idx': 52, 'pretrain_idx': 1064, 'n_positives': np.float32(6.0), 'auroc': 0.8745754488112566, 'ap': 0.029092914224570148}, {'class_idx': 53, 'pretrain_idx': 9372, 'n_positives': np.float32(52.0), 'auroc': 0.9137104102427969, 'ap': 0.2133439595628916}, {'class_idx': 54, 'pretrain_idx': 12707, 'n_positives': np.float32(22.0), 'auroc': 0.8042636592444514, 'ap': 0.10866167816866511}, {'class_idx': 55, 'pretrain_idx': 4021, 'n_positives': np.float32(12.0), 'auroc': 0.9565186214808932, 'ap': 0.08614629665556692}, {'class_idx': 56, 'pretrain_idx': 4017, 'n_positives': np.float32(341.0), 'auroc': 0.8381887075641727, 'ap': 0.4703337464131966}, {'class_idx': 57, 'pretrain_idx': 8643, 'n_positives': np.float32(271.0), 'auroc': 0.8221753350269715, 'ap': 0.24245578574852397}, {'class_idx': 58, 'pretrain_idx': 4032, 'n_positives': np.float32(224.0), 'auroc': 0.7090149440885376, 'ap': 0.09915742487534475}, {'class_idx': 59, 'pretrain_idx': 14529, 'n_positives': np.float32(304.0), 'auroc': 0.8978581343426737, 'ap': 0.5823378271772308}, {'class_idx': 60, 'pretrain_idx': 14523, 'n_positives': np.float32(65.0), 'auroc': 0.4721865978591319, 'ap': 0.004012421817176181}, {'class_idx': 61, 'pretrain_idx': 14527, 'n_positives': np.float32(905.0), 'auroc': 0.8172721213098763, 'ap': 0.4274426715208886}, {'class_idx': 62, 'pretrain_idx': 4079, 'n_positives': np.float32(32.0), 'auroc': 0.964543428552492, 'ap': 0.29057140750834837}, {'class_idx': 63, 'pretrain_idx': 14494, 'n_positives': np.float32(1.0), 'auroc': 1.0, 'ap': 1.0}, {'class_idx': 64, 'pretrain_idx': 10124, 'n_positives': np.float32(76.0), 'auroc': 0.7150787514518815, 'ap': 0.019219847587697025}, {'class_idx': 65, 'pretrain_idx': 4063, 'n_positives': np.float32(88.0), 'auroc': 0.5416221908413565, 'ap': 0.0166834862520492}, {'class_idx': 66, 'pretrain_idx': 1411, 'n_positives': np.float32(1.0), 'auroc': 0.029499305509623652, 'ap': 6.814774430966335e-05}, {'class_idx': 67, 'pretrain_idx': 11734, 'n_positives': np.float32(598.0), 'auroc': 0.8651366926158397, 'ap': 0.3777409766620346}, {'class_idx': 68, 'pretrain_idx': 8556, 'n_positives': np.float32(87.0), 'auroc': 0.48742192463935663, 'ap': 0.005180329295859286}, {'class_idx': 69, 'pretrain_idx': 8569, 'n_positives': np.float32(162.0), 'auroc': 0.6229646714504316, 'ap': 0.01919704499330882}, {'class_idx': 70, 'pretrain_idx': 8567, 'n_positives': np.float32(14.0), 'auroc': 0.5372486807512625, 'ap': 0.002026653192889467}, {'class_idx': 71, 'pretrain_idx': 8576, 'n_positives': np.float32(239.0), 'auroc': 0.6421198129990252, 'ap': 0.05066156094733559}, {'class_idx': 72, 'pretrain_idx': 8577, 'n_positives': np.float32(94.0), 'auroc': 0.8040789581746248, 'ap': 0.08534378010160046}, {'class_idx': 73, 'pretrain_idx': 6572, 'n_positives': np.float32(21.0), 'auroc': 0.6410437146578613, 'ap': 0.0077461477002607184}, {'class_idx': 74, 'pretrain_idx': 13612, 'n_positives': np.float32(370.0), 'auroc': 0.6127279890059552, 'ap': 0.06126879898536597}, {'class_idx': 75, 'pretrain_idx': 13626, 'n_positives': np.float32(2.0), 'auroc': 0.6596110596639767, 'ap': 0.00028319516128259874}, {'class_idx': 76, 'pretrain_idx': 13639, 'n_positives': np.float32(245.0), 'auroc': 0.7047599382610187, 'ap': 0.10978532000354763}, {'class_idx': 77, 'pretrain_idx': 3886, 'n_positives': np.float32(311.0), 'auroc': 0.7682965885653528, 'ap': 0.17928906878340195}, {'class_idx': 78, 'pretrain_idx': 13448, 'n_positives': np.float32(185.0), 'auroc': 0.8546014712402392, 'ap': 0.25301576428358896}, {'class_idx': 79, 'pretrain_idx': 10128, 'n_positives': np.float32(109.0), 'auroc': 0.8263059688949816, 'ap': 0.22440718080246633}, {'class_idx': 80, 'pretrain_idx': 2435, 'n_positives': np.float32(785.0), 'auroc': 0.681156849633097, 'ap': 0.11230803965629428}, {'class_idx': 81, 'pretrain_idx': 8537, 'n_positives': np.float32(613.0), 'auroc': 0.7150860736522426, 'ap': 0.21371478110095704}, {'class_idx': 82, 'pretrain_idx': 331, 'n_positives': np.float32(376.0), 'auroc': 0.3659773070329366, 'ap': 0.02159697111900722}, {'class_idx': 83, 'pretrain_idx': 5172, 'n_positives': np.float32(4.0), 'auroc': 0.2173193966657846, 'ap': 0.00022349608397078356}, {'class_idx': 84, 'pretrain_idx': 5171, 'n_positives': np.float32(2278.0), 'auroc': 0.7102542394434198, 'ap': 0.4095268475759653}, {'class_idx': 85, 'pretrain_idx': 5175, 'n_positives': np.float32(415.0), 'auroc': 0.8398649750310321, 'ap': 0.4666889325567364}, {'class_idx': 86, 'pretrain_idx': 3336, 'n_positives': np.float32(21.0), 'auroc': 0.4830941185004368, 'ap': 0.11385454861026306}, {'class_idx': 87, 'pretrain_idx': 10492, 'n_positives': np.float32(166.0), 'auroc': 0.6321379539825747, 'ap': 0.044915968899216466}, {'class_idx': 88, 'pretrain_idx': 14196, 'n_positives': np.float32(1.0), 'auroc': 0.09517825252992917, 'ap': 7.309407207075506e-05}, {'class_idx': 89, 'pretrain_idx': 8457, 'n_positives': np.float32(21.0), 'auroc': 0.7395712109600446, 'ap': 0.055194408532909835}, {'class_idx': 90, 'pretrain_idx': 9342, 'n_positives': np.float32(9.0), 'auroc': 0.5362171780674858, 'ap': 0.0008452037444242619}, {'class_idx': 91, 'pretrain_idx': 3492, 'n_positives': np.float32(74.0), 'auroc': 0.8148372019500559, 'ap': 0.3011702745651888}, {'class_idx': 92, 'pretrain_idx': 5982, 'n_positives': np.float32(60.0), 'auroc': 0.7020119521912351, 'ap': 0.0080860070739186}, {'class_idx': 93, 'pretrain_idx': 10847, 'n_positives': np.float32(2.0), 'auroc': 0.9574348458790846, 'ap': 0.0023037198846284357}, {'class_idx': 94, 'pretrain_idx': 13808, 'n_positives': np.float32(123.0), 'auroc': 0.7237431226082615, 'ap': 0.030345109417433628}, {'class_idx': 95, 'pretrain_idx': 13811, 'n_positives': np.float32(2.0), 'auroc': 0.4778409842571768, 'ap': 0.0003099539864979043}, {'class_idx': 96, 'pretrain_idx': 10602, 'n_positives': np.float32(127.0), 'auroc': 0.8033276421385098, 'ap': 0.02783488251732404}, {'class_idx': 97, 'pretrain_idx': 10606, 'n_positives': np.float32(26.0), 'auroc': 0.7446845919417803, 'ap': 0.005041149893503394}, {'class_idx': 98, 'pretrain_idx': 6915, 'n_positives': np.float32(1.0), 'auroc': 0.9882267345723923, 'ap': 0.00558659217877095}, {'class_idx': 99, 'pretrain_idx': 6922, 'n_positives': np.float32(1688.0), 'auroc': 0.7802269867671177, 'ap': 0.57128339300527}, {'class_idx': 100, 'pretrain_idx': 8495, 'n_positives': np.float32(2.0), 'auroc': 0.960312210609869, 'ap': 0.050838222967309304}, {'class_idx': 101, 'pretrain_idx': 7738, 'n_positives': np.float32(21.0), 'auroc': 0.8417555246484314, 'ap': 0.009188130496056796}, {'class_idx': 102, 'pretrain_idx': 12152, 'n_positives': np.float32(33.0), 'auroc': 0.5902091103920494, 'ap': 0.028281649959023887}, {'class_idx': 103, 'pretrain_idx': 12673, 'n_positives': np.float32(61.0), 'auroc': 0.5943061118072195, 'ap': 0.006788448353989582}, {'class_idx': 104, 'pretrain_idx': 8429, 'n_positives': np.float32(100.0), 'auroc': 0.9253728362183756, 'ap': 0.39530673390636667}, {'class_idx': 105, 'pretrain_idx': 1369, 'n_positives': np.float32(44.0), 'auroc': 0.7547366072505367, 'ap': 0.010295482095796137}, {'class_idx': 106, 'pretrain_idx': 1374, 'n_positives': np.float32(22.0), 'auroc': 0.34480485073278816, 'ap': 0.0010568235195274947}, {'class_idx': 107, 'pretrain_idx': 11812, 'n_positives': np.float32(246.0), 'auroc': 0.7416074155699202, 'ap': 0.10482445775701225}, {'class_idx': 108, 'pretrain_idx': 7213, 'n_positives': np.float32(1046.0), 'auroc': 0.9205903186951462, 'ap': 0.7526488400124691}, {'class_idx': 109, 'pretrain_idx': 3280, 'n_positives': np.float32(53.0), 'auroc': 0.8787215844698711, 'ap': 0.4563785704281452}, {'class_idx': 110, 'pretrain_idx': 10478, 'n_positives': np.float32(5.0), 'auroc': 0.6945021501819386, 'ap': 0.0026471221611719235}, {'class_idx': 111, 'pretrain_idx': 9233, 'n_positives': np.float32(1.0), 'auroc': 0.5747734638534294, 'ap': 0.00015552099533437013}, {'class_idx': 112, 'pretrain_idx': 6833, 'n_positives': np.float32(34.0), 'auroc': 0.7328600338451701, 'ap': 0.08225315226490841}, {'class_idx': 113, 'pretrain_idx': 9564, 'n_positives': np.float32(655.0), 'auroc': 0.9162315460060212, 'ap': 0.5800812074344438}, {'class_idx': 114, 'pretrain_idx': 9561, 'n_positives': np.float32(66.0), 'auroc': 0.500198779343857, 'ap': 0.0041186444863507326}, {'class_idx': 115, 'pretrain_idx': 9574, 'n_positives': np.float32(732.0), 'auroc': 0.8906139622271747, 'ap': 0.4254390075370661}, {'class_idx': 116, 'pretrain_idx': 2151, 'n_positives': np.float32(2015.0), 'auroc': 0.8605551647648361, 'ap': 0.6672727181311259}, {'class_idx': 117, 'pretrain_idx': 2168, 'n_positives': np.float32(1487.0), 'auroc': 0.7792427399969151, 'ap': 0.4203505185278704}, {'class_idx': 118, 'pretrain_idx': 3924, 'n_positives': np.float32(10.0), 'auroc': 0.7146393117140966, 'ap': 0.0013793770548532498}, {'class_idx': 119, 'pretrain_idx': 14097, 'n_positives': np.float32(446.0), 'auroc': 0.7587607286857998, 'ap': 0.10709673771791045}, {'class_idx': 120, 'pretrain_idx': 14070, 'n_positives': np.float32(233.0), 'auroc': 0.9291525486274139, 'ap': 0.1334327225181277}, {'class_idx': 121, 'pretrain_idx': 14094, 'n_positives': np.float32(6167.0), 'auroc': 0.788382074046091, 'ap': 0.7016986749202251}, {'class_idx': 122, 'pretrain_idx': 4958, 'n_positives': np.float32(12.0), 'auroc': 0.5512145882975907, 'ap': 0.0008941733671518702}, {'class_idx': 123, 'pretrain_idx': 11226, 'n_positives': np.float32(501.0), 'auroc': 0.8471584090864717, 'ap': 0.48973512410609776}, {'class_idx': 124, 'pretrain_idx': 11228, 'n_positives': np.float32(14.0), 'auroc': 0.8759196913241664, 'ap': 0.09629654274395577}, {'class_idx': 125, 'pretrain_idx': 1926, 'n_positives': np.float32(183.0), 'auroc': 0.582244516221317, 'ap': 0.03217733319600238}, {'class_idx': 126, 'pretrain_idx': 1918, 'n_positives': np.float32(39.0), 'auroc': 0.9049814760974498, 'ap': 0.129707941520125}, {'class_idx': 127, 'pretrain_idx': 5791, 'n_positives': np.float32(2.0), 'auroc': 0.23635732239714247, 'ap': 0.00012766445608555096}, {'class_idx': 128, 'pretrain_idx': 3834, 'n_positives': np.float32(584.0), 'auroc': 0.8339647761627249, 'ap': 0.550922311971882}, {'class_idx': 129, 'pretrain_idx': 12257, 'n_positives': np.float32(160.0), 'auroc': 0.6716565006684492, 'ap': 0.05416453996987215}, {'class_idx': 130, 'pretrain_idx': 12262, 'n_positives': np.float32(280.0), 'auroc': 0.706322920677705, 'ap': 0.15844994063383366}, {'class_idx': 131, 'pretrain_idx': 13392, 'n_positives': np.float32(207.0), 'auroc': 0.9333522514318959, 'ap': 0.2453361426571372}], 'n_valid_classes': 132, 'all_probs': array([[0.93670654, 0.9421769 , 0.99452436, ..., 0.76139385, 0.885384  ,
        0.8713625 ],
       [0.94409055, 0.9677175 , 0.9953761 , ..., 0.9576968 , 0.969898  ,
        0.752671  ],
       [0.883134  , 0.87752986, 0.99634653, ..., 0.83659095, 0.98579085,
        0.7360182 ],
       ...,
       [0.99143   , 0.9993666 , 0.99867827, ..., 0.9062415 , 0.96138155,
        0.9573995 ],
       [0.95531416, 0.9914057 , 0.99202746, ..., 0.88522434, 0.93398875,
        0.9674277 ],
       [0.98674077, 0.99982065, 0.9988186 , ..., 0.9448616 , 0.9549241 ,
        0.8803533 ]], dtype=float32), 'all_labels': array([[0., 0., 0., ..., 0., 0., 0.],
       [0., 0., 0., ..., 0., 0., 0.],
       [0., 0., 0., ..., 0., 0., 0.],
       ...,
       [0., 0., 0., ..., 0., 0., 0.],
       [0., 0., 0., ..., 0., 0., 0.],
       [0., 0., 0., ..., 0., 0., 0.]], dtype=float32)}
Class 0 (pretrain 13748): AUROC=0.812, AP=0.213, positives=15.0
Class 1 (pretrain 3711): AUROC=0.821, AP=0.186, positives=728.0
Class 2 (pretrain 3720): AUROC=0.715, AP=0.123, positives=950.0
Class 3 (pretrain 3724): AUROC=0.836, AP=0.321, positives=667.0
Class 4 (pretrain 3706): AUROC=0.831, AP=0.182, positives=109.0
Class 5 (pretrain 712): AUROC=0.664, AP=0.046, positives=116.0
Class 6 (pretrain 9356): AUROC=0.690, AP=0.002, positives=12.0
Class 7 (pretrain 9864): AUROC=0.630, AP=0.053, positives=71.0
Class 8 (pretrain 9049): AUROC=0.998, AP=0.339, positives=8.0
Class 9 (pretrain 8957): AUROC=0.981, AP=0.491, positives=5.0
Class 10 (pretrain 13441): AUROC=0.878, AP=0.125, positives=97.0
Class 11 (pretrain 10390): AUROC=0.691, AP=0.014, positives=3.0
Class 12 (pretrain 9770): AUROC=0.987, AP=0.073, positives=6.0
Class 13 (pretrain 9758): AUROC=0.906, AP=0.064, positives=32.0
Class 14 (pretrain 9769): AUROC=0.809, AP=0.220, positives=692.0
Class 15 (pretrain 9772): AUROC=0.892, AP=0.231, positives=254.0
Class 16 (pretrain 3094): AUROC=0.932, AP=0.001, positives=2.0
Class 17 (pretrain 5483): AUROC=0.543, AP=0.006, positives=87.0
Class 18 (pretrain 7095): AUROC=0.760, AP=0.214, positives=1181.0
Class 19 (pretrain 1050): AUROC=0.712, AP=0.095, positives=18.0
Class 20 (pretrain 8001): AUROC=0.872, AP=0.096, positives=45.0
Class 21 (pretrain 5545): AUROC=0.595, AP=0.103, positives=173.0
Class 22 (pretrain 5537): AUROC=0.823, AP=0.135, positives=59.0
Class 23 (pretrain 7760): AUROC=0.976, AP=0.605, positives=87.0
Class 24 (pretrain 14012): AUROC=0.924, AP=0.565, positives=303.0
Class 25 (pretrain 14021): AUROC=0.610, AP=0.001, positives=11.0
Class 26 (pretrain 14016): AUROC=0.698, AP=0.320, positives=204.0
Class 27 (pretrain 14008): AUROC=0.476, AP=0.001, positives=14.0
Class 28 (pretrain 14006): AUROC=0.709, AP=0.044, positives=282.0
Class 29 (pretrain 2685): AUROC=0.995, AP=0.014, positives=1.0
Class 30 (pretrain 7715): AUROC=0.290, AP=0.000, positives=4.0
Class 31 (pretrain 8235): AUROC=0.888, AP=0.641, positives=789.0
Class 32 (pretrain 5290): AUROC=0.771, AP=0.072, positives=120.0
Class 33 (pretrain 8987): AUROC=0.802, AP=0.077, positives=38.0
Class 34 (pretrain 8249): AUROC=0.885, AP=0.335, positives=87.0
Class 35 (pretrain 2177): AUROC=0.667, AP=0.029, positives=39.0
Class 36 (pretrain 4847): AUROC=0.548, AP=0.004, positives=26.0
Class 37 (pretrain 11860): AUROC=0.874, AP=0.552, positives=761.0
Class 38 (pretrain 7803): AUROC=0.888, AP=0.001, positives=2.0
Class 39 (pretrain 4356): AUROC=0.602, AP=0.000, positives=4.0
Class 40 (pretrain 10408): AUROC=0.679, AP=0.002, positives=16.0
Class 41 (pretrain 10406): AUROC=0.631, AP=0.167, positives=3.0
Class 42 (pretrain 2368): AUROC=0.673, AP=0.001, positives=10.0
Class 43 (pretrain 2367): AUROC=0.720, AP=0.158, positives=46.0
Class 44 (pretrain 2108): AUROC=0.781, AP=0.015, positives=35.0
Class 45 (pretrain 3977): AUROC=0.630, AP=0.111, positives=11.0
Class 46 (pretrain 8048): AUROC=0.884, AP=0.471, positives=402.0
Class 47 (pretrain 8049): AUROC=0.958, AP=0.226, positives=53.0
Class 48 (pretrain 8043): AUROC=0.753, AP=0.026, positives=70.0
Class 49 (pretrain 1765): AUROC=0.823, AP=0.250, positives=121.0
Class 50 (pretrain 10463): AUROC=0.804, AP=0.121, positives=27.0
Class 51 (pretrain 471): AUROC=0.824, AP=0.495, positives=666.0
Class 52 (pretrain 1064): AUROC=0.952, AP=0.058, positives=6.0
Class 53 (pretrain 9372): AUROC=0.826, AP=0.097, positives=52.0
Class 54 (pretrain 12707): AUROC=0.797, AP=0.107, positives=22.0
Class 55 (pretrain 4021): AUROC=0.972, AP=0.110, positives=12.0
Class 56 (pretrain 4017): AUROC=0.850, AP=0.484, positives=341.0
Class 57 (pretrain 8643): AUROC=0.763, AP=0.186, positives=271.0
Class 58 (pretrain 4032): AUROC=0.715, AP=0.078, positives=224.0
Class 59 (pretrain 14529): AUROC=0.887, AP=0.556, positives=304.0
Class 60 (pretrain 14523): AUROC=0.493, AP=0.004, positives=65.0
Class 61 (pretrain 14527): AUROC=0.834, AP=0.439, positives=905.0
Class 62 (pretrain 4079): AUROC=0.968, AP=0.355, positives=32.0
Class 63 (pretrain 14494): AUROC=1.000, AP=1.000, positives=1.0
Class 64 (pretrain 10124): AUROC=0.722, AP=0.018, positives=76.0
Class 65 (pretrain 4063): AUROC=0.513, AP=0.022, positives=88.0
Class 66 (pretrain 1411): AUROC=0.138, AP=0.000, positives=1.0
Class 67 (pretrain 11734): AUROC=0.851, AP=0.340, positives=598.0
Class 68 (pretrain 8556): AUROC=0.506, AP=0.005, positives=87.0
Class 69 (pretrain 8569): AUROC=0.586, AP=0.015, positives=162.0
Class 70 (pretrain 8567): AUROC=0.510, AP=0.002, positives=14.0
Class 71 (pretrain 8576): AUROC=0.671, AP=0.052, positives=239.0
Class 72 (pretrain 8577): AUROC=0.772, AP=0.062, positives=94.0
Class 73 (pretrain 6572): AUROC=0.660, AP=0.009, positives=21.0
Class 74 (pretrain 13612): AUROC=0.599, AP=0.051, positives=370.0
Class 75 (pretrain 13626): AUROC=0.713, AP=0.000, positives=2.0
Class 76 (pretrain 13639): AUROC=0.712, AP=0.110, positives=245.0
Class 77 (pretrain 3886): AUROC=0.760, AP=0.135, positives=311.0
Class 78 (pretrain 13448): AUROC=0.863, AP=0.210, positives=185.0
Class 79 (pretrain 10128): AUROC=0.822, AP=0.228, positives=109.0
Class 80 (pretrain 2435): AUROC=0.642, AP=0.099, positives=785.0
Class 81 (pretrain 8537): AUROC=0.705, AP=0.185, positives=613.0
Class 82 (pretrain 331): AUROC=0.535, AP=0.025, positives=376.0
Class 83 (pretrain 5172): AUROC=0.312, AP=0.000, positives=4.0
Class 84 (pretrain 5171): AUROC=0.718, AP=0.412, positives=2278.0
Class 85 (pretrain 5175): AUROC=0.834, AP=0.439, positives=415.0
Class 86 (pretrain 3336): AUROC=0.601, AP=0.120, positives=21.0
Class 87 (pretrain 10492): AUROC=0.621, AP=0.038, positives=166.0
Class 88 (pretrain 14196): AUROC=0.172, AP=0.000, positives=1.0
Class 89 (pretrain 8457): AUROC=0.724, AP=0.041, positives=21.0
Class 90 (pretrain 9342): AUROC=0.452, AP=0.001, positives=9.0
Class 91 (pretrain 3492): AUROC=0.801, AP=0.267, positives=74.0
Class 92 (pretrain 5982): AUROC=0.694, AP=0.008, positives=60.0
Class 93 (pretrain 10847): AUROC=0.965, AP=0.003, positives=2.0
Class 94 (pretrain 13808): AUROC=0.697, AP=0.022, positives=123.0
Class 95 (pretrain 13811): AUROC=0.227, AP=0.000, positives=2.0
Class 96 (pretrain 10602): AUROC=0.760, AP=0.021, positives=127.0
Class 97 (pretrain 10606): AUROC=0.744, AP=0.004, positives=26.0
Class 98 (pretrain 6915): AUROC=0.916, AP=0.001, positives=1.0
Class 99 (pretrain 6922): AUROC=0.796, AP=0.559, positives=1688.0
Class 100 (pretrain 8495): AUROC=0.794, AP=0.002, positives=2.0
Class 101 (pretrain 7738): AUROC=0.903, AP=0.015, positives=21.0
Class 102 (pretrain 12152): AUROC=0.633, AP=0.023, positives=33.0
Class 103 (pretrain 12673): AUROC=0.543, AP=0.007, positives=61.0
Class 104 (pretrain 8429): AUROC=0.942, AP=0.418, positives=100.0
Class 105 (pretrain 1369): AUROC=0.766, AP=0.008, positives=44.0
Class 106 (pretrain 1374): AUROC=0.325, AP=0.001, positives=22.0
Class 107 (pretrain 11812): AUROC=0.697, AP=0.073, positives=246.0
Class 108 (pretrain 7213): AUROC=0.904, AP=0.720, positives=1046.0
Class 109 (pretrain 3280): AUROC=0.880, AP=0.413, positives=53.0
Class 110 (pretrain 10478): AUROC=0.753, AP=0.005, positives=5.0
Class 111 (pretrain 9233): AUROC=0.507, AP=0.000, positives=1.0
Class 112 (pretrain 6833): AUROC=0.759, AP=0.121, positives=34.0
Class 113 (pretrain 9564): AUROC=0.926, AP=0.584, positives=655.0
Class 114 (pretrain 9561): AUROC=0.539, AP=0.004, positives=66.0
Class 115 (pretrain 9574): AUROC=0.905, AP=0.443, positives=732.0
Class 116 (pretrain 2151): AUROC=0.866, AP=0.678, positives=2015.0
Class 117 (pretrain 2168): AUROC=0.773, AP=0.400, positives=1487.0
Class 118 (pretrain 3924): AUROC=0.693, AP=0.001, positives=10.0
Class 119 (pretrain 14097): AUROC=0.667, AP=0.080, positives=446.0
Class 120 (pretrain 14070): AUROC=0.929, AP=0.125, positives=233.0
Class 121 (pretrain 14094): AUROC=0.792, AP=0.708, positives=6167.0
Class 122 (pretrain 4958): AUROC=0.676, AP=0.001, positives=12.0
Class 123 (pretrain 11226): AUROC=0.842, AP=0.431, positives=501.0
Class 124 (pretrain 11228): AUROC=0.855, AP=0.119, positives=14.0
Class 125 (pretrain 1926): AUROC=0.520, AP=0.022, positives=183.0
Class 126 (pretrain 1918): AUROC=0.877, AP=0.094, positives=39.0
Class 127 (pretrain 5791): AUROC=0.257, AP=0.000, positives=2.0
Class 128 (pretrain 3834): AUROC=0.853, AP=0.569, positives=584.0
Class 129 (pretrain 12257): AUROC=0.799, AP=0.048, positives=160.0
Class 130 (pretrain 12262): AUROC=0.665, AP=0.118, positives=280.0
Class 131 (pretrain 13392): AUROC=0.916, AP=0.197, positives=207.0
Spatiotemporally-aware scores: {'macro_auroc': np.float64(0.7368558192946725), 'cmap': np.float64(0.16704628131947852), 'micro_auroc': 0.809287558028579, 'micro_map': 0.2033108549725414, 'auroc_per_class': [0.8120931258965023, 0.8209370361434007, 0.7146578390223972, 0.8361622136416742, 0.8308695947131126, 0.6639005460612802, 0.6897504633306857, 0.6298542133256713, 0.9981223530968767, 0.9805358914985114, 0.8776576946276877, 0.6912747238208639, 0.9873296281593225, 0.9055188726139979, 0.8094142170570711, 0.8917329455471503, 0.9322661727741764, 0.5432837030563411, 0.7597014122073807, 0.7121003104813196, 0.8716034641606782, 0.5949561282233835, 0.8228829877143684, 0.9758057178422032, 0.9242280575496303, 0.6097449443137444, 0.6980696475425783, 0.4762180590493843, 0.7089303245739567, 0.9953700641576824, 0.2900899708917703, 0.88838969187574, 0.7711777777777779, 0.8018498872828538, 0.8848846713475563, 0.6667703801183014, 0.5481648337087585, 0.8744284331236212, 0.888212726551131, 0.6021103466525536, 0.6791288731461865, 0.6312980970651143, 0.6728987425545996, 0.7201112194334038, 0.7814820777498935, 0.6301301451873959, 0.8843150905345538, 0.9575568748896438, 0.7526758424299953, 0.8228129809204912, 0.8038899563447367, 0.823894099579031, 0.9521856115742579, 0.8258216597578159, 0.7965323522682113, 0.971703733121525, 0.8501848049036846, 0.7630287576362194, 0.7154172201070278, 0.8867369557803796, 0.49288812814551763, 0.8339196203527907, 0.9679453456389183, 1.0, 0.7220346632334624, 0.5132512760656055, 0.13770752033864675, 0.8507256203135918, 0.5061244572285799, 0.5859695212438449, 0.509906186756445, 0.6710847479262962, 0.7716992673691841, 0.6596368728297995, 0.5990610169491525, 0.7125942584998015, 0.7122258274738467, 0.7599501172377361, 0.8634728870149024, 0.8220598472435199, 0.6421288592572186, 0.7046339557513496, 0.5351928227566063, 0.3123842286319132, 0.7183527177546131, 0.8338117925629754, 0.6008628764440407, 0.6214966862232936, 0.1724981810966334, 0.7236240810649712, 0.4524592092588916, 0.801186272009082, 0.6937527667109341, 0.9651078184945099, 0.6971925550421737, 0.22708030162719933, 0.7596080270530449, 0.7444501635902192, 0.9161320193134466, 0.7961529365750319, 0.7938550072760948, 0.9026394053217021, 0.6327241393855035, 0.5427868961320446, 0.9416165113182423, 0.7655929653392508, 0.32458242512554336, 0.6971369804460449, 0.904068558949948, 0.8797071195202311, 0.752576910353953, 0.5071764005555923, 0.7585256295279612, 0.9263404427111503, 0.5386789376426683, 0.9054393764688545, 0.8658830045168675, 0.7726196537131927, 0.693103904698875, 0.6666244435874196, 0.9285916709886869, 0.791778266739386, 0.6757181625628805, 0.8415208027067829, 0.8545232736282651, 0.520221359582743, 0.8769737434945313, 0.25651541209154655, 0.8532510333343385, 0.7993424131016043, 0.6652895167500962, 0.9163421597277089], 'ap_per_class': [0.21294990095076471, 0.18590831930416937, 0.1228874516009393, 0.3213984826153241, 0.18150841430867176, 0.04560928186343617, 0.0018072283491932036, 0.053333734027933614, 0.33883670822525314, 0.490518544582584, 0.12503304614633703, 0.01368892710748602, 0.07322394513667818, 0.0644863979209066, 0.2204912500082586, 0.23063535807721955, 0.001421410457555036, 0.005963388559013881, 0.2138208261962598, 0.09458920432398321, 0.09557380407249831, 0.10286462120001338, 0.13513529890769563, 0.6050089398567738, 0.5652066048593266, 0.0012377859976129627, 0.320029288929342, 0.0012575136310727416, 0.044309139545843215, 0.014084507042253521, 0.00022684642590283319, 0.6414079592332081, 0.07170430586189315, 0.07677239483933962, 0.33519872723535116, 0.029361958083570703, 0.0038239166926453774, 0.5515735021817039, 0.0010852458633137485, 0.0004084716005868813, 0.0016519363262074431, 0.16686875113852556, 0.0012906818918920072, 0.15811482278900474, 0.014583136270633226, 0.1111062505762765, 0.4712607396877319, 0.22550102180215845, 0.02565558649930797, 0.25030254905302907, 0.12055520226206635, 0.4948116419562572, 0.05816652002403526, 0.09677955455253619, 0.10691621101541245, 0.10981242266656598, 0.4843184190916738, 0.1864498055927609, 0.07761230699242229, 0.5562976201967247, 0.004239822982561988, 0.43852245733250006, 0.35530613469892836, 1.0, 0.017676960087441636, 0.021695005888063636, 7.669888019634913e-05, 0.3402945616912897, 0.005396268872739816, 0.01492052326230366, 0.0017747163698673008, 0.051671904173575686, 0.06169426268004045, 0.008587000172182429, 0.051395832004330386, 0.0003353538034118821, 0.11043649818859107, 0.135132112342498, 0.21014706680089587, 0.22837123153857802, 0.09884067191125913, 0.185278555854691, 0.024812947732836047, 0.0003154896211374028, 0.41209701300366086, 0.43881745435168723, 0.12031597589604273, 0.03848083641464905, 7.992327365728901e-05, 0.041084905938603464, 0.0006181020386374292, 0.26670396489809794, 0.007898297227573103, 0.003257337120663748, 0.02202330043672129, 0.0001261872811024821, 0.021187801356533552, 0.004272280392240015, 0.0007880220646178094, 0.5585670274645725, 0.0022329492026461725, 0.0152312357029094, 0.02328364970999709, 0.006908020337113342, 0.4184682527182278, 0.008355577569471808, 0.0010239141447180053, 0.07346426951170668, 0.7200534058506505, 0.41348531065028254, 0.005307005848465252, 0.00013419216317767042, 0.12145347374595183, 0.5842189315621485, 0.004453973501776452, 0.44306148316993327, 0.6780901725722541, 0.4001571880227044, 0.0011527852684781463, 0.0804998699050215, 0.12500704081697966, 0.708184031915288, 0.001334935353924685, 0.43068510211655253, 0.11928245791678958, 0.022088263410582277, 0.09380695564631548, 0.00012996411991431073, 0.5694137109919022, 0.04824859676139283, 0.11801388360613446, 0.19720019210163414], 'class_info': [{'class_idx': 0, 'pretrain_idx': 13748, 'n_positives': np.float32(15.0), 'auroc': 0.8120931258965023, 'ap': 0.21294990095076471}, {'class_idx': 1, 'pretrain_idx': 3711, 'n_positives': np.float32(728.0), 'auroc': 0.8209370361434007, 'ap': 0.18590831930416937}, {'class_idx': 2, 'pretrain_idx': 3720, 'n_positives': np.float32(950.0), 'auroc': 0.7146578390223972, 'ap': 0.1228874516009393}, {'class_idx': 3, 'pretrain_idx': 3724, 'n_positives': np.float32(667.0), 'auroc': 0.8361622136416742, 'ap': 0.3213984826153241}, {'class_idx': 4, 'pretrain_idx': 3706, 'n_positives': np.float32(109.0), 'auroc': 0.8308695947131126, 'ap': 0.18150841430867176}, {'class_idx': 5, 'pretrain_idx': 712, 'n_positives': np.float32(116.0), 'auroc': 0.6639005460612802, 'ap': 0.04560928186343617}, {'class_idx': 6, 'pretrain_idx': 9356, 'n_positives': np.float32(12.0), 'auroc': 0.6897504633306857, 'ap': 0.0018072283491932036}, {'class_idx': 7, 'pretrain_idx': 9864, 'n_positives': np.float32(71.0), 'auroc': 0.6298542133256713, 'ap': 0.053333734027933614}, {'class_idx': 8, 'pretrain_idx': 9049, 'n_positives': np.float32(8.0), 'auroc': 0.9981223530968767, 'ap': 0.33883670822525314}, {'class_idx': 9, 'pretrain_idx': 8957, 'n_positives': np.float32(5.0), 'auroc': 0.9805358914985114, 'ap': 0.490518544582584}, {'class_idx': 10, 'pretrain_idx': 13441, 'n_positives': np.float32(97.0), 'auroc': 0.8776576946276877, 'ap': 0.12503304614633703}, {'class_idx': 11, 'pretrain_idx': 10390, 'n_positives': np.float32(3.0), 'auroc': 0.6912747238208639, 'ap': 0.01368892710748602}, {'class_idx': 12, 'pretrain_idx': 9770, 'n_positives': np.float32(6.0), 'auroc': 0.9873296281593225, 'ap': 0.07322394513667818}, {'class_idx': 13, 'pretrain_idx': 9758, 'n_positives': np.float32(32.0), 'auroc': 0.9055188726139979, 'ap': 0.0644863979209066}, {'class_idx': 14, 'pretrain_idx': 9769, 'n_positives': np.float32(692.0), 'auroc': 0.8094142170570711, 'ap': 0.2204912500082586}, {'class_idx': 15, 'pretrain_idx': 9772, 'n_positives': np.float32(254.0), 'auroc': 0.8917329455471503, 'ap': 0.23063535807721955}, {'class_idx': 16, 'pretrain_idx': 3094, 'n_positives': np.float32(2.0), 'auroc': 0.9322661727741764, 'ap': 0.001421410457555036}, {'class_idx': 17, 'pretrain_idx': 5483, 'n_positives': np.float32(87.0), 'auroc': 0.5432837030563411, 'ap': 0.005963388559013881}, {'class_idx': 18, 'pretrain_idx': 7095, 'n_positives': np.float32(1181.0), 'auroc': 0.7597014122073807, 'ap': 0.2138208261962598}, {'class_idx': 19, 'pretrain_idx': 1050, 'n_positives': np.float32(18.0), 'auroc': 0.7121003104813196, 'ap': 0.09458920432398321}, {'class_idx': 20, 'pretrain_idx': 8001, 'n_positives': np.float32(45.0), 'auroc': 0.8716034641606782, 'ap': 0.09557380407249831}, {'class_idx': 21, 'pretrain_idx': 5545, 'n_positives': np.float32(173.0), 'auroc': 0.5949561282233835, 'ap': 0.10286462120001338}, {'class_idx': 22, 'pretrain_idx': 5537, 'n_positives': np.float32(59.0), 'auroc': 0.8228829877143684, 'ap': 0.13513529890769563}, {'class_idx': 23, 'pretrain_idx': 7760, 'n_positives': np.float32(87.0), 'auroc': 0.9758057178422032, 'ap': 0.6050089398567738}, {'class_idx': 24, 'pretrain_idx': 14012, 'n_positives': np.float32(303.0), 'auroc': 0.9242280575496303, 'ap': 0.5652066048593266}, {'class_idx': 25, 'pretrain_idx': 14021, 'n_positives': np.float32(11.0), 'auroc': 0.6097449443137444, 'ap': 0.0012377859976129627}, {'class_idx': 26, 'pretrain_idx': 14016, 'n_positives': np.float32(204.0), 'auroc': 0.6980696475425783, 'ap': 0.320029288929342}, {'class_idx': 27, 'pretrain_idx': 14008, 'n_positives': np.float32(14.0), 'auroc': 0.4762180590493843, 'ap': 0.0012575136310727416}, {'class_idx': 28, 'pretrain_idx': 14006, 'n_positives': np.float32(282.0), 'auroc': 0.7089303245739567, 'ap': 0.044309139545843215}, {'class_idx': 29, 'pretrain_idx': 2685, 'n_positives': np.float32(1.0), 'auroc': 0.9953700641576824, 'ap': 0.014084507042253521}, {'class_idx': 30, 'pretrain_idx': 7715, 'n_positives': np.float32(4.0), 'auroc': 0.2900899708917703, 'ap': 0.00022684642590283319}, {'class_idx': 31, 'pretrain_idx': 8235, 'n_positives': np.float32(789.0), 'auroc': 0.88838969187574, 'ap': 0.6414079592332081}, {'class_idx': 32, 'pretrain_idx': 5290, 'n_positives': np.float32(120.0), 'auroc': 0.7711777777777779, 'ap': 0.07170430586189315}, {'class_idx': 33, 'pretrain_idx': 8987, 'n_positives': np.float32(38.0), 'auroc': 0.8018498872828538, 'ap': 0.07677239483933962}, {'class_idx': 34, 'pretrain_idx': 8249, 'n_positives': np.float32(87.0), 'auroc': 0.8848846713475563, 'ap': 0.33519872723535116}, {'class_idx': 35, 'pretrain_idx': 2177, 'n_positives': np.float32(39.0), 'auroc': 0.6667703801183014, 'ap': 0.029361958083570703}, {'class_idx': 36, 'pretrain_idx': 4847, 'n_positives': np.float32(26.0), 'auroc': 0.5481648337087585, 'ap': 0.0038239166926453774}, {'class_idx': 37, 'pretrain_idx': 11860, 'n_positives': np.float32(761.0), 'auroc': 0.8744284331236212, 'ap': 0.5515735021817039}, {'class_idx': 38, 'pretrain_idx': 7803, 'n_positives': np.float32(2.0), 'auroc': 0.888212726551131, 'ap': 0.0010852458633137485}, {'class_idx': 39, 'pretrain_idx': 4356, 'n_positives': np.float32(4.0), 'auroc': 0.6021103466525536, 'ap': 0.0004084716005868813}, {'class_idx': 40, 'pretrain_idx': 10408, 'n_positives': np.float32(16.0), 'auroc': 0.6791288731461865, 'ap': 0.0016519363262074431}, {'class_idx': 41, 'pretrain_idx': 10406, 'n_positives': np.float32(3.0), 'auroc': 0.6312980970651143, 'ap': 0.16686875113852556}, {'class_idx': 42, 'pretrain_idx': 2368, 'n_positives': np.float32(10.0), 'auroc': 0.6728987425545996, 'ap': 0.0012906818918920072}, {'class_idx': 43, 'pretrain_idx': 2367, 'n_positives': np.float32(46.0), 'auroc': 0.7201112194334038, 'ap': 0.15811482278900474}, {'class_idx': 44, 'pretrain_idx': 2108, 'n_positives': np.float32(35.0), 'auroc': 0.7814820777498935, 'ap': 0.014583136270633226}, {'class_idx': 45, 'pretrain_idx': 3977, 'n_positives': np.float32(11.0), 'auroc': 0.6301301451873959, 'ap': 0.1111062505762765}, {'class_idx': 46, 'pretrain_idx': 8048, 'n_positives': np.float32(402.0), 'auroc': 0.8843150905345538, 'ap': 0.4712607396877319}, {'class_idx': 47, 'pretrain_idx': 8049, 'n_positives': np.float32(53.0), 'auroc': 0.9575568748896438, 'ap': 0.22550102180215845}, {'class_idx': 48, 'pretrain_idx': 8043, 'n_positives': np.float32(70.0), 'auroc': 0.7526758424299953, 'ap': 0.02565558649930797}, {'class_idx': 49, 'pretrain_idx': 1765, 'n_positives': np.float32(121.0), 'auroc': 0.8228129809204912, 'ap': 0.25030254905302907}, {'class_idx': 50, 'pretrain_idx': 10463, 'n_positives': np.float32(27.0), 'auroc': 0.8038899563447367, 'ap': 0.12055520226206635}, {'class_idx': 51, 'pretrain_idx': 471, 'n_positives': np.float32(666.0), 'auroc': 0.823894099579031, 'ap': 0.4948116419562572}, {'class_idx': 52, 'pretrain_idx': 1064, 'n_positives': np.float32(6.0), 'auroc': 0.9521856115742579, 'ap': 0.05816652002403526}, {'class_idx': 53, 'pretrain_idx': 9372, 'n_positives': np.float32(52.0), 'auroc': 0.8258216597578159, 'ap': 0.09677955455253619}, {'class_idx': 54, 'pretrain_idx': 12707, 'n_positives': np.float32(22.0), 'auroc': 0.7965323522682113, 'ap': 0.10691621101541245}, {'class_idx': 55, 'pretrain_idx': 4021, 'n_positives': np.float32(12.0), 'auroc': 0.971703733121525, 'ap': 0.10981242266656598}, {'class_idx': 56, 'pretrain_idx': 4017, 'n_positives': np.float32(341.0), 'auroc': 0.8501848049036846, 'ap': 0.4843184190916738}, {'class_idx': 57, 'pretrain_idx': 8643, 'n_positives': np.float32(271.0), 'auroc': 0.7630287576362194, 'ap': 0.1864498055927609}, {'class_idx': 58, 'pretrain_idx': 4032, 'n_positives': np.float32(224.0), 'auroc': 0.7154172201070278, 'ap': 0.07761230699242229}, {'class_idx': 59, 'pretrain_idx': 14529, 'n_positives': np.float32(304.0), 'auroc': 0.8867369557803796, 'ap': 0.5562976201967247}, {'class_idx': 60, 'pretrain_idx': 14523, 'n_positives': np.float32(65.0), 'auroc': 0.49288812814551763, 'ap': 0.004239822982561988}, {'class_idx': 61, 'pretrain_idx': 14527, 'n_positives': np.float32(905.0), 'auroc': 0.8339196203527907, 'ap': 0.43852245733250006}, {'class_idx': 62, 'pretrain_idx': 4079, 'n_positives': np.float32(32.0), 'auroc': 0.9679453456389183, 'ap': 0.35530613469892836}, {'class_idx': 63, 'pretrain_idx': 14494, 'n_positives': np.float32(1.0), 'auroc': 1.0, 'ap': 1.0}, {'class_idx': 64, 'pretrain_idx': 10124, 'n_positives': np.float32(76.0), 'auroc': 0.7220346632334624, 'ap': 0.017676960087441636}, {'class_idx': 65, 'pretrain_idx': 4063, 'n_positives': np.float32(88.0), 'auroc': 0.5132512760656055, 'ap': 0.021695005888063636}, {'class_idx': 66, 'pretrain_idx': 1411, 'n_positives': np.float32(1.0), 'auroc': 0.13770752033864675, 'ap': 7.669888019634913e-05}, {'class_idx': 67, 'pretrain_idx': 11734, 'n_positives': np.float32(598.0), 'auroc': 0.8507256203135918, 'ap': 0.3402945616912897}, {'class_idx': 68, 'pretrain_idx': 8556, 'n_positives': np.float32(87.0), 'auroc': 0.5061244572285799, 'ap': 0.005396268872739816}, {'class_idx': 69, 'pretrain_idx': 8569, 'n_positives': np.float32(162.0), 'auroc': 0.5859695212438449, 'ap': 0.01492052326230366}, {'class_idx': 70, 'pretrain_idx': 8567, 'n_positives': np.float32(14.0), 'auroc': 0.509906186756445, 'ap': 0.0017747163698673008}, {'class_idx': 71, 'pretrain_idx': 8576, 'n_positives': np.float32(239.0), 'auroc': 0.6710847479262962, 'ap': 0.051671904173575686}, {'class_idx': 72, 'pretrain_idx': 8577, 'n_positives': np.float32(94.0), 'auroc': 0.7716992673691841, 'ap': 0.06169426268004045}, {'class_idx': 73, 'pretrain_idx': 6572, 'n_positives': np.float32(21.0), 'auroc': 0.6596368728297995, 'ap': 0.008587000172182429}, {'class_idx': 74, 'pretrain_idx': 13612, 'n_positives': np.float32(370.0), 'auroc': 0.5990610169491525, 'ap': 0.051395832004330386}, {'class_idx': 75, 'pretrain_idx': 13626, 'n_positives': np.float32(2.0), 'auroc': 0.7125942584998015, 'ap': 0.0003353538034118821}, {'class_idx': 76, 'pretrain_idx': 13639, 'n_positives': np.float32(245.0), 'auroc': 0.7122258274738467, 'ap': 0.11043649818859107}, {'class_idx': 77, 'pretrain_idx': 3886, 'n_positives': np.float32(311.0), 'auroc': 0.7599501172377361, 'ap': 0.135132112342498}, {'class_idx': 78, 'pretrain_idx': 13448, 'n_positives': np.float32(185.0), 'auroc': 0.8634728870149024, 'ap': 0.21014706680089587}, {'class_idx': 79, 'pretrain_idx': 10128, 'n_positives': np.float32(109.0), 'auroc': 0.8220598472435199, 'ap': 0.22837123153857802}, {'class_idx': 80, 'pretrain_idx': 2435, 'n_positives': np.float32(785.0), 'auroc': 0.6421288592572186, 'ap': 0.09884067191125913}, {'class_idx': 81, 'pretrain_idx': 8537, 'n_positives': np.float32(613.0), 'auroc': 0.7046339557513496, 'ap': 0.185278555854691}, {'class_idx': 82, 'pretrain_idx': 331, 'n_positives': np.float32(376.0), 'auroc': 0.5351928227566063, 'ap': 0.024812947732836047}, {'class_idx': 83, 'pretrain_idx': 5172, 'n_positives': np.float32(4.0), 'auroc': 0.3123842286319132, 'ap': 0.0003154896211374028}, {'class_idx': 84, 'pretrain_idx': 5171, 'n_positives': np.float32(2278.0), 'auroc': 0.7183527177546131, 'ap': 0.41209701300366086}, {'class_idx': 85, 'pretrain_idx': 5175, 'n_positives': np.float32(415.0), 'auroc': 0.8338117925629754, 'ap': 0.43881745435168723}, {'class_idx': 86, 'pretrain_idx': 3336, 'n_positives': np.float32(21.0), 'auroc': 0.6008628764440407, 'ap': 0.12031597589604273}, {'class_idx': 87, 'pretrain_idx': 10492, 'n_positives': np.float32(166.0), 'auroc': 0.6214966862232936, 'ap': 0.03848083641464905}, {'class_idx': 88, 'pretrain_idx': 14196, 'n_positives': np.float32(1.0), 'auroc': 0.1724981810966334, 'ap': 7.992327365728901e-05}, {'class_idx': 89, 'pretrain_idx': 8457, 'n_positives': np.float32(21.0), 'auroc': 0.7236240810649712, 'ap': 0.041084905938603464}, {'class_idx': 90, 'pretrain_idx': 9342, 'n_positives': np.float32(9.0), 'auroc': 0.4524592092588916, 'ap': 0.0006181020386374292}, {'class_idx': 91, 'pretrain_idx': 3492, 'n_positives': np.float32(74.0), 'auroc': 0.801186272009082, 'ap': 0.26670396489809794}, {'class_idx': 92, 'pretrain_idx': 5982, 'n_positives': np.float32(60.0), 'auroc': 0.6937527667109341, 'ap': 0.007898297227573103}, {'class_idx': 93, 'pretrain_idx': 10847, 'n_positives': np.float32(2.0), 'auroc': 0.9651078184945099, 'ap': 0.003257337120663748}, {'class_idx': 94, 'pretrain_idx': 13808, 'n_positives': np.float32(123.0), 'auroc': 0.6971925550421737, 'ap': 0.02202330043672129}, {'class_idx': 95, 'pretrain_idx': 13811, 'n_positives': np.float32(2.0), 'auroc': 0.22708030162719933, 'ap': 0.0001261872811024821}, {'class_idx': 96, 'pretrain_idx': 10602, 'n_positives': np.float32(127.0), 'auroc': 0.7596080270530449, 'ap': 0.021187801356533552}, {'class_idx': 97, 'pretrain_idx': 10606, 'n_positives': np.float32(26.0), 'auroc': 0.7444501635902192, 'ap': 0.004272280392240015}, {'class_idx': 98, 'pretrain_idx': 6915, 'n_positives': np.float32(1.0), 'auroc': 0.9161320193134466, 'ap': 0.0007880220646178094}, {'class_idx': 99, 'pretrain_idx': 6922, 'n_positives': np.float32(1688.0), 'auroc': 0.7961529365750319, 'ap': 0.5585670274645725}, {'class_idx': 100, 'pretrain_idx': 8495, 'n_positives': np.float32(2.0), 'auroc': 0.7938550072760948, 'ap': 0.0022329492026461725}, {'class_idx': 101, 'pretrain_idx': 7738, 'n_positives': np.float32(21.0), 'auroc': 0.9026394053217021, 'ap': 0.0152312357029094}, {'class_idx': 102, 'pretrain_idx': 12152, 'n_positives': np.float32(33.0), 'auroc': 0.6327241393855035, 'ap': 0.02328364970999709}, {'class_idx': 103, 'pretrain_idx': 12673, 'n_positives': np.float32(61.0), 'auroc': 0.5427868961320446, 'ap': 0.006908020337113342}, {'class_idx': 104, 'pretrain_idx': 8429, 'n_positives': np.float32(100.0), 'auroc': 0.9416165113182423, 'ap': 0.4184682527182278}, {'class_idx': 105, 'pretrain_idx': 1369, 'n_positives': np.float32(44.0), 'auroc': 0.7655929653392508, 'ap': 0.008355577569471808}, {'class_idx': 106, 'pretrain_idx': 1374, 'n_positives': np.float32(22.0), 'auroc': 0.32458242512554336, 'ap': 0.0010239141447180053}, {'class_idx': 107, 'pretrain_idx': 11812, 'n_positives': np.float32(246.0), 'auroc': 0.6971369804460449, 'ap': 0.07346426951170668}, {'class_idx': 108, 'pretrain_idx': 7213, 'n_positives': np.float32(1046.0), 'auroc': 0.904068558949948, 'ap': 0.7200534058506505}, {'class_idx': 109, 'pretrain_idx': 3280, 'n_positives': np.float32(53.0), 'auroc': 0.8797071195202311, 'ap': 0.41348531065028254}, {'class_idx': 110, 'pretrain_idx': 10478, 'n_positives': np.float32(5.0), 'auroc': 0.752576910353953, 'ap': 0.005307005848465252}, {'class_idx': 111, 'pretrain_idx': 9233, 'n_positives': np.float32(1.0), 'auroc': 0.5071764005555923, 'ap': 0.00013419216317767042}, {'class_idx': 112, 'pretrain_idx': 6833, 'n_positives': np.float32(34.0), 'auroc': 0.7585256295279612, 'ap': 0.12145347374595183}, {'class_idx': 113, 'pretrain_idx': 9564, 'n_positives': np.float32(655.0), 'auroc': 0.9263404427111503, 'ap': 0.5842189315621485}, {'class_idx': 114, 'pretrain_idx': 9561, 'n_positives': np.float32(66.0), 'auroc': 0.5386789376426683, 'ap': 0.004453973501776452}, {'class_idx': 115, 'pretrain_idx': 9574, 'n_positives': np.float32(732.0), 'auroc': 0.9054393764688545, 'ap': 0.44306148316993327}, {'class_idx': 116, 'pretrain_idx': 2151, 'n_positives': np.float32(2015.0), 'auroc': 0.8658830045168675, 'ap': 0.6780901725722541}, {'class_idx': 117, 'pretrain_idx': 2168, 'n_positives': np.float32(1487.0), 'auroc': 0.7726196537131927, 'ap': 0.4001571880227044}, {'class_idx': 118, 'pretrain_idx': 3924, 'n_positives': np.float32(10.0), 'auroc': 0.693103904698875, 'ap': 0.0011527852684781463}, {'class_idx': 119, 'pretrain_idx': 14097, 'n_positives': np.float32(446.0), 'auroc': 0.6666244435874196, 'ap': 0.0804998699050215}, {'class_idx': 120, 'pretrain_idx': 14070, 'n_positives': np.float32(233.0), 'auroc': 0.9285916709886869, 'ap': 0.12500704081697966}, {'class_idx': 121, 'pretrain_idx': 14094, 'n_positives': np.float32(6167.0), 'auroc': 0.791778266739386, 'ap': 0.708184031915288}, {'class_idx': 122, 'pretrain_idx': 4958, 'n_positives': np.float32(12.0), 'auroc': 0.6757181625628805, 'ap': 0.001334935353924685}, {'class_idx': 123, 'pretrain_idx': 11226, 'n_positives': np.float32(501.0), 'auroc': 0.8415208027067829, 'ap': 0.43068510211655253}, {'class_idx': 124, 'pretrain_idx': 11228, 'n_positives': np.float32(14.0), 'auroc': 0.8545232736282651, 'ap': 0.11928245791678958}, {'class_idx': 125, 'pretrain_idx': 1926, 'n_positives': np.float32(183.0), 'auroc': 0.520221359582743, 'ap': 0.022088263410582277}, {'class_idx': 126, 'pretrain_idx': 1918, 'n_positives': np.float32(39.0), 'auroc': 0.8769737434945313, 'ap': 0.09380695564631548}, {'class_idx': 127, 'pretrain_idx': 5791, 'n_positives': np.float32(2.0), 'auroc': 0.25651541209154655, 'ap': 0.00012996411991431073}, {'class_idx': 128, 'pretrain_idx': 3834, 'n_positives': np.float32(584.0), 'auroc': 0.8532510333343385, 'ap': 0.5694137109919022}, {'class_idx': 129, 'pretrain_idx': 12257, 'n_positives': np.float32(160.0), 'auroc': 0.7993424131016043, 'ap': 0.04824859676139283}, {'class_idx': 130, 'pretrain_idx': 12262, 'n_positives': np.float32(280.0), 'auroc': 0.6652895167500962, 'ap': 0.11801388360613446}, {'class_idx': 131, 'pretrain_idx': 13392, 'n_positives': np.float32(207.0), 'auroc': 0.9163421597277089, 'ap': 0.19720019210163414}], 'n_valid_classes': 132, 'all_probs': array([[0.6691312 , 0.72256666, 0.94391483, ..., 0.26305106, 0.3946636 ,
        0.46116972],
       [0.44613507, 0.7576161 , 0.93127906, ..., 0.7710179 , 0.7657491 ,
        0.27137402],
       [0.3149484 , 0.5830875 , 0.959971  , ..., 0.47683245, 0.8529057 ,
        0.41530138],
       ...,
       [0.8846024 , 0.9931809 , 0.9756144 , ..., 0.3541073 , 0.6927949 ,
        0.7748765 ],
       [0.67711073, 0.9576299 , 0.92015535, ..., 0.38147673, 0.571848  ,
        0.86435694],
       [0.85666496, 0.9988242 , 0.9858284 , ..., 0.7059207 , 0.53206223,
        0.49446765]], dtype=float32), 'all_labels': array([[0., 0., 0., ..., 0., 0., 0.],
       [0., 0., 0., ..., 0., 0., 0.],
       [0., 0., 0., ..., 0., 0., 0.],
       ...,
       [0., 0., 0., ..., 0., 0., 0.],
       [0., 0., 0., ..., 0., 0., 0.],
       [0., 0., 0., ..., 0., 0., 0.]], dtype=float32)}
Audio-only macro scores: AUROC 0.7312728847064585 cmAP 0.1779458908293528
Spatiotemporally-aware macro scores: AUROC 0.7368558192946725 cmAP: 0.16704628131947852
PER
4
