ExplicitMaxout parameters: 227,414,520
ExplicitMaxout parameters: 303,255,032
['0', '1', '2', '3', '4', '5', '6', '7', '8', '9']
['gretin1', 'cintin1', 'littin1', 'undtin1', 'bartin2', 'horscr1', 'specha3', 'spigua1', 'stwqua1', 'compot1']
[13748, 3711, 3720, 3724, 3706, 712, 9356, 9864, 9049, 8957, 13441, 10390, 9770, 9758, 9769, 9772, 3094, 5483, 7095, 1050, 8001, 5545, 5537, 7760, 14012, 14021, 14016, 14008, 14006, 2685, 7715, 8235, 5290, 8987, 8249, 2177, 4847, 11860, 7803, 4356, 10408, 10406, 2368, 2367, 2108, 3977, 8048, 8049, 8043, 1765, 10463, 471, 1064, 9372, 12707, 4021, 4017, 8643, 4032, 14529, 14523, 14527, 4079, 14494, 10124, 4063, 1411, 11734, 8556, 8569, 8567, 8576, 8577, 6572, 13612, 13626, 13639, 3886, 13448, 10128, 2435, 8537, 331, 5172, 5171, 5175, 3336, 10492, 14196, 8457, 9342, 3492, 5982, 10847, 13808, 13811, 10602, 10606, 6915, 6922, 8495, 7738, 12152, 12673, 8429, 1369, 1374, 11812, 7213, 3280, 10478, 9233, 6833, 9564, 9561, 9574, 2151, 2168, 3924, 14097, 14070, 14094, 4958, 11226, 11228, 1926, 1918, 5791, 3834, 12257, 12262, 13392]
(15120, 165)
[[[84, 61, 121], [26, 18, 81], [31, 119], [99, 116, 113], [4], [], [121], [18, 82, 121, 116], [1, 117, 81, 51], [84, 121, 85], [74, 108, 116, 37], [121, 116], [], [61, 99, 113], [108], [121, 59], [46, 121, 99, 116], [1, 121], [], [121], [], [], [84, 121, 123], [79, 18, 82, 51], [56], [85], [61, 121, 99, 116], [117, 84, 59], [14, 76, 91], [119, 99, 123], [61, 56, 121, 99], [115, 108, 80], [1, 18], [67, 57], [34, 115, 116, 87], [117, 84, 121], [77, 121, 99, 81], [123, 113], [121, 5, 51], [121], [3], [117, 116], [116], [], [80, 121, 99, 123, 108], [115, 74, 14, 24, 84, 67, 71, 121, 131], [], [47, 121], [31, 84, 121, 116], [117, 121], [], [84, 115, 40, 80], [121, 15, 14, 107, 28, 74, 67, 115], [81, 108, 37], [26], [2], [4], [117, 14, 92], [84, 49, 18, 121, 116], [105, 120], [], [], [115, 121], [28, 14, 107, 123], [34], [31], [], [117, 81], [58, 128, 56, 121], [108, 116], [84, 28, 121], [61, 121], [24, 71, 121], [], [121], [17, 130, 117], [2], [74, 80, 108, 116, 37], [35, 117, 1], [81, 85, 18], [128, 117, 125, 116, 37], [31, 96, 99], [61, 99], [], [84], [115, 77, 99], [117, 18, 82, 81, 85], [117, 59, 67], [82, 20], [61, 121], [121, 116], [3, 123, 121], [128, 121, 116, 87], [121, 99, 67], [65, 115, 121, 14, 69, 123, 116, 94], [130], [101, 119, 130, 123], [128, 117, 123, 108], [80, 2, 116, 40], [57, 116], [121], [61, 121], [117, 84, 49, 18], [121, 81], [128, 117, 116], [1, 121, 113, 3, 18, 65], [121, 59], [64, 80, 121, 99, 37], [31], [115, 96, 121, 69], [117, 18, 82, 81, 14, 85], [46, 121, 2, 99, 123], [1, 57], [46, 121, 116], [1, 121, 18], [61, 77, 2, 99, 116], [18, 121, 81, 14, 53, 85, 116], [121], [23], [46, 121, 71, 99], [117, 121], [121], [35], [115, 77, 121, 99], [1, 84], [96, 81, 15], [121], [121]], [[84, 121], [121, 51, 59], [121, 99, 67, 116], [], [46, 61, 2, 99], [121, 99, 7], [117, 121, 81, 116], [84, 121], [31, 119, 129], [123], [], [61, 51], [31, 61, 116], [84, 24, 121, 131], [128, 54, 108, 116], [31, 46, 99, 81], [84, 61, 121], [31, 84, 80], [57, 67], [10, 116], [18, 121], [18, 78, 116], [28, 71, 69, 67], [37, 107, 115, 121, 80], [79, 80, 37], [121, 99], [121], [1, 129], [77], [14, 123], [121, 51], [128, 117, 121, 15, 108, 37], [], [121], [121], [121, 57, 116, 76], [], [119, 130], [104, 77, 121, 99, 69], [84, 18], [84, 121, 2, 81, 15], [46, 99, 67], [31, 121], [28, 115, 121, 94], [117, 82, 59], [17], [], [121], [121, 2, 99], [121, 59], [14, 108, 37], [67, 79, 61], [121], [14, 108, 87], [60, 99, 3, 113], [121], [71, 99, 67, 116], [46, 2, 99], [2], [31, 119, 61], [117, 121, 116], [108, 106], [58, 128, 120], [117, 121, 81], [46, 84, 28, 116], [114, 108], [84, 77, 121, 116], [21, 105], [61, 77], [121, 14, 59], [48, 57, 119], [128, 56, 121], [109, 125, 121], [31, 61], [24, 18, 2, 116, 84, 67, 121], [130], [46, 71, 99, 76, 69, 67], [108], [60], [40, 115, 108, 121], [130, 10, 37], [115, 121, 99], [21, 121], [84, 104, 121, 99, 116, 3], [31, 121, 33], [84, 80, 121, 2], [84, 91], [121], [79, 18, 72, 67], [112, 72, 121, 99], [1, 68, 79], [3], [80, 108, 37], [108, 114, 116, 84, 80, 106], [80], [56, 121], [61, 113], [21, 77, 56], [49, 121, 51, 116], [121], [108], [1, 99, 116], [121, 59], [], [117, 121], [18, 24, 121, 67, 131, 57, 45], [117, 121], [31, 119], [121, 14, 59, 116], [56], [84, 19], [14, 115, 116, 121], [128, 121], [], [119, 32, 99], [3, 113, 18], [78], [2], [84, 18, 116], [128, 4], [], [56, 121], [], [121, 71], [], [121, 115, 107, 37], [1], [4]], [[], [121, 2], [121, 71], [1], [115, 77, 69, 3], [], [58, 33, 120], [26, 84, 24, 82, 14], [121], [31, 121], [128, 121], [130], [56], [119, 32, 99], [26, 121, 67], [80, 76], [79, 18, 82, 51], [28, 80], [84, 115, 121, 36, 94], [1, 113, 18], [2], [18, 82, 121, 85], [1, 117, 116], [121], [109, 117, 121], [121, 81, 116], [77, 2, 99, 116], [108], [123], [31], [26, 117, 18], [34, 121], [117, 121], [117, 84, 121, 116], [121, 43], [31, 119, 129], [74, 87, 67, 121], [26, 117, 18, 121, 67], [31, 26, 117, 61, 67], [1, 121], [], [84, 108, 97], [62], [2], [120], [121], [], [61], [], [46, 32, 115, 121, 99, 116], [121], [56], [121, 71, 99], [121, 99, 116], [121, 115, 37], [58, 121, 2, 125], [31, 26, 117, 61, 82, 59, 67], [130, 10, 116, 90], [1, 121], [121, 99], [18], [99, 81], [56], [84], [112, 121, 108, 87], [108, 35], [14, 116, 115, 121], [121, 125], [84, 107], [21, 4], [21, 46, 61, 121, 2, 99], [1, 80, 121, 14, 37], [117, 84, 61, 121, 51], [], [37, 115, 121], [2], [121], [117, 18, 59, 67, 116], [119, 99, 3, 113], [26, 67], [108, 84, 121], [3, 121], [18, 82, 121, 81], [31, 116], [121, 67, 116], [61, 1, 31, 18], [113, 68], [117, 131, 59], [115, 72, 99, 116, 3], [1, 113, 18], [1, 129, 5], [121], [31], [27, 77, 121], [108, 80, 114], [128, 117, 96, 81, 15], [72, 121, 2, 99], [1, 121], [119, 99, 3], [121], [31, 119, 84, 129], [84, 110, 121], [121, 116], [121], [], [84, 121, 99, 69], [116], [], [61, 121], [56], [121], [], [23], [108, 117], [117, 121, 116], [84, 51, 103], [121, 115, 37, 107, 74], [115, 121, 116, 94], [61, 121, 71, 99], [46, 80], [], [], [], [121, 116], [28, 121, 99, 3, 94], [121], [31, 61, 131], [128, 84, 121]], [[84, 18, 82, 85], [128, 56, 121], [], [31, 121, 6], [1, 84, 76], [119, 80, 121, 37], [18, 78], [13, 51], [74, 92], [121], [58, 4], [121], [119, 116, 3, 37], [], [18, 74, 24, 121, 131], [113, 3], [46, 121, 99, 81], [130, 10, 116, 3], [84, 67, 115, 24, 121, 131], [31, 57], [31, 26, 82], [], [], [131, 81], [18, 102, 130], [26, 84, 81], [113, 1, 18, 129], [], [47], [1, 56, 121, 5], [121], [108, 121, 116, 80, 84], [121, 15, 74, 67], [113], [31, 121], [1, 121, 51], [31, 2, 99], [1, 113, 18], [129, 3, 18], [121, 3], [84, 51], [121, 37, 115, 80, 61], [84, 82, 59, 116], [99], [121], [26, 117, 18, 82, 121, 59, 67, 92], [], [21, 4], [], [84, 18, 82], [49, 124, 99, 3], [58, 121], [123, 91, 3], [121, 99], [108, 121, 84], [31, 80, 2, 37], [121, 81, 116], [1, 18], [], [51, 85], [84, 18, 85, 15, 59, 67], [84, 1, 18, 43, 67], [84, 121, 81], [28, 115, 14], [31], [37, 115, 107, 121], [121, 15, 37], [80, 121, 108, 116, 37], [], [], [84, 49, 20], [31, 121, 2], [84], [2, 56], [121, 123, 94], [117, 57, 59, 67], [46, 61, 56, 71, 99], [121], [31, 121], [121], [58, 31, 120], [84, 49, 18], [128, 117, 116], [67], [121, 15, 74, 67, 28], [31, 61, 71], [121, 81], [58], [], [37], [], [56], [84, 18, 78], [37, 115, 121, 80], [56, 116], [61, 2], [23], [], [116, 80, 121], [80, 121], [31, 119, 84, 3], [117, 84], [130, 123], [121, 99, 67], [121, 116], [71, 99, 67], [], [21, 105, 121, 71], [61, 121, 99, 7], [117, 84, 121, 51], [84, 121], [116], [1, 60, 121], [121, 67], [117, 121], [121, 81, 37], [123, 3, 94], [84, 99], [108, 80, 74], [61, 121, 99, 116], [117, 121], [77, 121, 108], [31, 84, 1, 80, 121, 14, 37], [121, 115, 21, 108], [], [126, 109], [117, 14, 116], [77, 1]], [[77, 121, 2, 99, 116], [125, 81], [56], [2, 117, 89, 17], [84, 18, 121, 85], [121], [117, 84, 19, 85], [84], [84, 18, 82, 81, 14], [121, 99], [121, 67, 28], [121, 14, 1], [99, 123, 3, 113], [18, 82, 121, 81, 14, 85], [14, 123, 87, 94], [], [80, 121, 99, 123, 108], [14, 115, 116, 121], [84, 115, 108], [28, 115, 77, 99, 69, 94], [128, 50, 107], [51, 116], [121], [121], [23], [21], [18, 82, 121, 14, 116], [3, 123, 113, 121], [31, 119, 129, 3], [31, 121], [20], [74, 108, 37], [47, 57], [113], [128, 121, 71, 76], [121], [117, 79, 67], [119, 2, 99, 113], [99, 3, 113, 38], [121, 99, 116], [115, 77, 121, 99, 3], [84, 14, 74, 67, 115, 24, 121, 131], [37], [28, 80, 121, 14, 123, 116], [115, 121, 14, 116, 87], [121, 99, 116], [26, 117, 18, 51], [31, 123], [121, 115, 107], [121, 99, 123], [], [113], [18, 78, 81, 116], [84, 121, 2], [108, 37], [4], [115, 123, 116, 94], [99, 116, 113], [21, 121], [119, 130, 116], [2], [84, 18, 78], [], [], [], [84, 61, 2, 116, 37], [61, 115, 99], [128, 60, 121, 125], [14, 115, 116, 121], [117], [115, 77, 99], [61, 121], [], [61, 121, 99, 116], [56, 18, 85], [117, 84, 121, 81, 116], [84, 80, 2, 37], [31, 121], [74, 72, 116], [130, 126], [84, 108], [58, 121], [84, 123, 116], [58, 105, 120], [], [76, 37], [80, 116, 37], [61, 121, 99], [], [117, 82, 121], [], [99, 3, 113], [61, 121, 99], [74, 80, 92], [84, 121], [1, 121, 51], [61, 108], [113, 18, 3], [121], [84, 34, 115, 14, 108, 116], [130, 82, 85, 67], [46, 121], [121, 51, 81], [123, 121], [121], [113, 1, 68], [], [117, 84], [99, 123], [96, 54, 15], [], [121], [], [1, 84], [61], [18, 121, 85, 67], [121, 2], [84, 121], [56, 3], [], [80, 51, 91], [116], [31, 121], [117, 121], [121], [80, 121, 99], [121, 115, 107, 37], [76]], [[31, 119, 84], [121], [1, 113, 18], [23], [84, 64, 74, 91, 116], [37, 107, 121], [80, 107], [61], [23], [84, 15], [119, 2, 99, 113], [], [121, 74, 61, 57], [1, 121, 18, 51], [74, 108, 37], [108, 97], [1, 18], [115, 121, 116], [], [86, 61, 121], [115, 53, 121], [121], [], [59, 67], [18, 81], [61, 121, 99, 116, 3], [61, 74, 80, 91], [108], [77, 56], [123, 3], [84], [46, 121, 2, 99], [], [84, 108, 121, 122, 67], [121], [80, 2, 116], [80, 2, 76], [84, 24, 115, 14, 108], [84, 81], [84, 18, 78], [102, 121, 59], [18, 82, 121, 59], [31, 119, 3], [84, 18], [121], [121], [119, 130, 116, 3, 37], [61, 80, 121], [121, 116], [61, 67], [56], [126], [61, 121], [31, 3], [121, 51], [123, 3], [120], [31, 61], [61, 121, 99], [77], [84, 80, 76, 116], [117, 17], [31, 119], [31, 117, 84, 121, 108], [121], [], [], [77, 121, 99, 116], [], [46, 61, 121, 99], [130, 99, 3], [121, 2], [56, 57], [], [84], [121, 116], [], [117, 17], [84, 43], [121, 51], [31, 84, 1, 121, 37], [123, 129], [121, 2], [1, 121], [84, 121], [128, 117, 84, 116], [99, 14, 92], [1], [58, 60, 120], [], [121, 116], [121, 84, 113, 31, 18], [117, 84], [117, 61, 82, 76, 67], [121], [26, 56, 18, 121], [84, 28, 121, 107, 91], [130, 61, 123], [84], [113, 1, 129], [117, 84, 108], [], [77], [121, 116], [113, 68], [46, 61], [79, 74, 121, 116], [81, 37], [84, 121, 14, 59, 116], [24, 80, 121, 14, 123], [99, 69, 116], [117, 32, 82, 121, 131, 116], [117, 84, 18, 82, 85], [128, 102, 120], [26, 82, 59, 67], [74, 18, 121, 131], [121, 99, 116], [117, 51, 131, 59], [108, 84], [31, 121], [108, 97, 80], [46, 77, 121, 99, 116], [119, 113], [28, 121, 94], [46, 104, 115, 121, 99], [2, 116], [84, 77, 121], [18, 78]], [[80, 121, 116], [121], [31, 121, 2, 37], [121], [116, 58], [56], [121], [], [61, 56, 99], [84, 115, 121, 107, 44, 108], [31, 119, 129], [121, 99], [78, 81, 76], [121, 18, 108], [81, 116], [71, 99, 67], [], [121], [2], [61], [21, 4, 5], [], [23], [], [], [121, 15, 67, 107, 115], [46, 1, 99, 116], [115, 121, 99, 116], [2], [121], [61, 121], [121, 99], [], [84, 49, 121, 51, 116], [121, 2], [58, 56], [84], [2], [31, 121, 103], [84, 99, 15], [121, 67], [121, 116], [84, 1, 121, 14, 116, 37], [108, 37], [113, 1, 18, 3], [113, 68], [46, 115, 99, 116], [84, 64], [31, 121], [128, 125], [28, 80, 121, 2], [], [71], [46, 121, 2, 99, 81], [], [31, 121, 2, 71, 3], [18], [21, 4], [18, 24, 57, 121, 67], [], [99, 113], [121], [1, 113, 18], [50, 130, 10, 116, 3], [], [31, 61], [121, 15, 14, 67], [84, 74, 121, 51], [18, 116], [46], [], [117, 61, 76, 67], [58, 84, 121, 2], [18, 82, 121, 85], [31], [115, 108, 80, 84, 117], [117, 51, 85], [112, 115, 121, 107, 108], [84, 32, 49, 18, 82, 14, 116], [121, 51], [117, 121], [128, 121], [65, 115, 121, 108], [116], [99, 123, 116], [], [24, 18, 78], [121, 61], [128], [99, 108, 116], [], [], [49, 82, 121, 85], [84, 79, 99, 69], [84, 65, 107, 108], [99, 108], [116], [85, 51, 13], [37], [26, 82, 59, 116], [], [117, 121], [84, 121, 108, 116, 87], [121, 51], [], [31, 80, 2, 37], [121], [1, 80, 76], [], [61, 1, 99, 116], [1], [117, 35], [84, 108], [], [84, 77, 99, 116], [115, 57, 121], [2, 33], [], [], [71], [31, 119, 113], [117, 121, 51, 59], [117, 121], [84, 28, 2, 62], [128, 117, 15, 37], [121, 2], [31], [117, 84]], [[78, 99, 113], [2], [80, 2, 116], [61], [], [31, 84, 80, 116], [116], [117, 82, 59, 67], [58, 128, 84, 120], [128, 61, 121, 116], [128, 84, 96, 81, 15], [121, 76, 116], [128, 84, 15, 116], [77, 121, 2, 116], [], [28, 80, 107, 108], [128, 1], [], [108], [121], [121, 57], [61, 121, 99], [121, 123], [121, 51], [121], [121, 85], [48, 119], [], [128, 121, 125], [], [84, 121], [109, 89, 117], [121, 15], [56], [61, 56, 5, 51], [121, 99, 67], [108, 121], [31, 84, 121], [47, 121], [18, 59, 116], [121], [121], [74, 108, 37], [], [99], [121, 108, 116], [76, 18, 121, 80, 108], [], [], [61, 121], [], [121, 5, 51], [51, 85], [48], [], [18, 116, 35, 81], [113, 3, 121], [56], [], [117, 84, 59], [99, 116, 113], [], [14, 108], [121], [108], [28, 115, 121, 94], [117, 84, 18, 82, 51, 59], [31], [130, 123], [31, 121], [84, 51, 123], [76, 121], [123, 121], [108, 125, 121], [86, 116], [74, 108], [84, 18, 85], [24, 18, 121], [121, 2], [121], [121], [24, 18, 82, 121, 85], [80, 14, 37], [26, 117, 67], [117, 84, 116], [84, 51, 103], [], [31, 84, 121, 116, 37], [117, 37], [61, 113, 18], [], [84, 99, 116], [18, 82, 121, 85], [84, 19, 18, 85, 67], [], [], [31, 116], [117, 69], [18, 82, 121, 85], [1, 121], [], [3, 61, 129], [121, 15, 67, 107], [18, 82, 121, 85, 116], [121, 125], [121, 81], [128], [68, 99, 113], [61, 99, 116], [], [119, 117], [128, 121], [26, 117, 82, 51, 131], [21], [128, 84, 14, 125], [113, 1, 31, 18, 129, 84, 3], [51], [129, 3, 18], [46, 61], [77, 99], [121, 67, 61], [], [31, 80, 76], [], [61], [31, 121, 87], [84, 108, 121, 80], [31]], [[46, 121], [128], [14], [121, 2, 37], [116, 37], [31, 121, 99], [117, 18, 14], [119, 99, 14, 3, 113], [121, 123], [119, 130, 65, 116], [121], [121, 74, 57], [2], [1, 113, 18], [21], [121], [46, 121], [128], [31], [115, 121], [], [121], [124, 99, 113], [121], [28, 121, 3], [28, 76], [109, 49, 121, 51], [117, 121], [121], [21, 4], [96, 81, 37], [117, 56], [121], [84], [64, 74, 121, 99, 92], [74], [21, 4], [21], [77, 121], [113, 129, 84], [99], [53, 121], [84, 115, 18, 2, 24, 121], [129, 3, 18], [3, 18], [24, 18, 2, 74, 84, 67, 121], [31, 61, 116], [117, 14, 92], [121], [26, 59], [117, 84, 87], [3, 18], [117, 84, 121], [], [28, 80, 116], [117, 130], [128, 121, 2, 81, 15, 116], [128, 121], [99], [121], [48, 57, 119], [23], [115, 14, 116, 87], [84, 121, 116], [46, 115, 77, 121, 99, 116], [], [113, 84, 129, 18], [117, 84, 1, 15, 67, 116], [113, 123, 121, 65], [31, 121, 99], [3, 113, 18], [46, 61, 77, 121, 99, 81], [], [2], [121, 51], [61, 85], [61], [56, 2, 119], [20, 99], [26, 117, 18], [104, 121, 116, 87, 94], [119, 121], [108, 87], [121, 81, 14], [99, 123], [2, 121], [115, 108, 116, 87], [120], [51, 116], [], [121, 57], [31, 32, 130, 123, 10], [], [80, 108, 116], [121, 6], [128, 84, 81, 116, 37], [37], [84, 28, 80, 107], [18, 121], [], [47], [84, 77, 121, 99, 14, 15], [61, 121], [61, 99, 116], [3, 123, 65, 68, 121], [], [22, 23], [130], [121, 84], [84], [31, 121, 76, 116, 92, 37], [67], [117], [51], [22], [117], [117, 84], [117, 82, 121, 131, 59], [121, 76], [108], [117, 69], [], [61, 121], [84, 34, 115, 36, 3], [121], [84, 82, 121, 59, 67], [2, 99, 116], [121]], [[46, 61, 99], [18, 116], [60, 14, 125, 116], [84, 74, 121, 108], [116], [130, 117], [84, 96, 15], [121], [80], [84, 99], [128, 64, 81, 15], [61, 2, 99], [119, 10, 3, 37, 113], [], [84, 121, 99], [108, 121], [84, 115, 121, 108], [84, 72, 121, 99], [113, 3, 32], [51, 87, 103], [123, 121], [18, 121, 85], [31], [18, 82, 121, 85], [3], [18, 116], [130, 117], [], [128, 99, 81, 107, 15], [2], [115, 77, 121, 99], [18, 57, 121, 80], [80, 43, 108], [26, 18], [84, 67], [91], [121, 81], [128, 117, 84], [51], [84, 80, 121], [121, 6], [24, 57, 121], [84, 59, 67], [31, 119], [128, 117, 84, 121], [], [121, 99], [46, 121, 99], [26, 18, 15, 116], [74, 18, 24, 121, 131], [58, 84, 120], [84, 115, 121, 14, 108], [56], [21, 23], [128, 121], [81, 37], [121], [18, 74, 121, 131], [4, 120], [113, 1, 3, 129], [61, 104, 115], [99, 123, 116], [], [28, 108], [117, 59], [84, 115, 121], [121, 71, 125], [119, 78, 2, 113], [2], [84, 112, 121, 108, 87], [61, 99, 108, 116], [121, 116], [121, 5, 51], [2], [119, 10, 3, 37], [1, 84], [121, 51], [117, 84, 121], [61], [37, 121, 80, 107], [], [2, 119], [115, 77, 121, 99], [121, 116, 87], [113, 18], [128, 121], [119, 129, 37], [85, 76, 121], [31, 119, 84], [108, 116], [97, 117], [119, 124, 99], [61, 121, 99, 7], [99, 116], [123, 108], [74, 24, 57, 121, 67], [32, 61, 72, 99], [121, 5], [80, 37], [84, 121, 14, 116], [121], [31, 2], [31, 1, 121, 116, 37], [99, 122, 116], [121, 51], [121], [21], [72, 99, 116], [121], [46, 121], [121], [31, 61], [4], [117, 121], [121], [24, 121, 14, 59], [22], [], [119, 52, 123, 10, 3], [31, 3, 113], [19, 18, 85], [121, 2], [34], [31, 3, 113], [51, 130], [128, 117, 56, 121], [1], [84, 49, 121, 17, 116]]]

=== DATA SHAPE CHECK ===
Audio embeddings: (15120, 1536)
ST encodings: (15120, 165)
Labels multi-hot: (15120, 132)
(15120, 1536)
(15120, 165)
(15120, 132)
Dataset using numpy arrays
15120
Class 0 (pretrain 13748): AUROC=0.815, AP=0.227, positives=15.0
Class 1 (pretrain 3711): AUROC=0.820, AP=0.187, positives=728.0
Class 2 (pretrain 3720): AUROC=0.708, AP=0.119, positives=950.0
Class 3 (pretrain 3724): AUROC=0.823, AP=0.287, positives=667.0
Class 4 (pretrain 3706): AUROC=0.784, AP=0.180, positives=109.0
Class 5 (pretrain 712): AUROC=0.644, AP=0.062, positives=116.0
Class 6 (pretrain 9356): AUROC=0.605, AP=0.002, positives=12.0
Class 7 (pretrain 9864): AUROC=0.644, AP=0.059, positives=71.0
Class 8 (pretrain 9049): AUROC=0.998, AP=0.435, positives=8.0
Class 9 (pretrain 8957): AUROC=0.970, AP=0.483, positives=5.0
Class 10 (pretrain 13441): AUROC=0.909, AP=0.162, positives=97.0
Class 11 (pretrain 10390): AUROC=0.696, AP=0.004, positives=3.0
Class 12 (pretrain 9770): AUROC=0.993, AP=0.227, positives=6.0
Class 13 (pretrain 9758): AUROC=0.909, AP=0.061, positives=32.0
Class 14 (pretrain 9769): AUROC=0.840, AP=0.265, positives=692.0
Class 15 (pretrain 9772): AUROC=0.901, AP=0.260, positives=254.0
Class 16 (pretrain 3094): AUROC=0.904, AP=0.001, positives=2.0
Class 17 (pretrain 5483): AUROC=0.578, AP=0.007, positives=87.0
Class 18 (pretrain 7095): AUROC=0.780, AP=0.242, positives=1181.0
Class 19 (pretrain 1050): AUROC=0.734, AP=0.114, positives=18.0
Class 20 (pretrain 8001): AUROC=0.860, AP=0.125, positives=45.0
Class 21 (pretrain 5545): AUROC=0.647, AP=0.098, positives=173.0
Class 22 (pretrain 5537): AUROC=0.872, AP=0.154, positives=59.0
Class 23 (pretrain 7760): AUROC=0.967, AP=0.666, positives=87.0
Class 24 (pretrain 14012): AUROC=0.940, AP=0.726, positives=303.0
Class 25 (pretrain 14021): AUROC=0.590, AP=0.001, positives=11.0
Class 26 (pretrain 14016): AUROC=0.739, AP=0.305, positives=204.0
Class 27 (pretrain 14008): AUROC=0.284, AP=0.001, positives=14.0
Class 28 (pretrain 14006): AUROC=0.667, AP=0.037, positives=282.0
Class 29 (pretrain 2685): AUROC=0.981, AP=0.004, positives=1.0
Class 30 (pretrain 7715): AUROC=0.217, AP=0.000, positives=4.0
Class 31 (pretrain 8235): AUROC=0.875, AP=0.621, positives=789.0
Class 32 (pretrain 5290): AUROC=0.788, AP=0.080, positives=120.0
Class 33 (pretrain 8987): AUROC=0.765, AP=0.095, positives=38.0
Class 34 (pretrain 8249): AUROC=0.885, AP=0.369, positives=87.0
Class 35 (pretrain 2177): AUROC=0.656, AP=0.051, positives=39.0
Class 36 (pretrain 4847): AUROC=0.557, AP=0.021, positives=26.0
Class 37 (pretrain 11860): AUROC=0.885, AP=0.603, positives=761.0
Class 38 (pretrain 7803): AUROC=0.570, AP=0.000, positives=2.0
Class 39 (pretrain 4356): AUROC=0.643, AP=0.000, positives=4.0
Class 40 (pretrain 10408): AUROC=0.685, AP=0.002, positives=16.0
Class 41 (pretrain 10406): AUROC=0.577, AP=0.167, positives=3.0
Class 42 (pretrain 2368): AUROC=0.691, AP=0.002, positives=10.0
Class 43 (pretrain 2367): AUROC=0.723, AP=0.151, positives=46.0
Class 44 (pretrain 2108): AUROC=0.847, AP=0.055, positives=35.0
Class 45 (pretrain 3977): AUROC=0.789, AP=0.192, positives=11.0
Class 46 (pretrain 8048): AUROC=0.900, AP=0.570, positives=402.0
Class 47 (pretrain 8049): AUROC=0.843, AP=0.140, positives=53.0
Class 48 (pretrain 8043): AUROC=0.824, AP=0.035, positives=70.0
Class 49 (pretrain 1765): AUROC=0.784, AP=0.229, positives=121.0
Class 50 (pretrain 10463): AUROC=0.794, AP=0.124, positives=27.0
Class 51 (pretrain 471): AUROC=0.858, AP=0.542, positives=666.0
Class 52 (pretrain 1064): AUROC=0.894, AP=0.037, positives=6.0
Class 53 (pretrain 9372): AUROC=0.937, AP=0.242, positives=52.0
Class 54 (pretrain 12707): AUROC=0.788, AP=0.120, positives=22.0
Class 55 (pretrain 4021): AUROC=0.953, AP=0.041, positives=12.0
Class 56 (pretrain 4017): AUROC=0.835, AP=0.474, positives=341.0
Class 57 (pretrain 8643): AUROC=0.798, AP=0.222, positives=271.0
Class 58 (pretrain 4032): AUROC=0.702, AP=0.102, positives=224.0
Class 59 (pretrain 14529): AUROC=0.901, AP=0.573, positives=304.0
Class 60 (pretrain 14523): AUROC=0.474, AP=0.004, positives=65.0
Class 61 (pretrain 14527): AUROC=0.819, AP=0.433, positives=905.0
Class 62 (pretrain 4079): AUROC=0.964, AP=0.321, positives=32.0
Class 63 (pretrain 14494): AUROC=1.000, AP=1.000, positives=1.0
Class 64 (pretrain 10124): AUROC=0.724, AP=0.020, positives=76.0
Class 65 (pretrain 4063): AUROC=0.555, AP=0.017, positives=88.0
Class 66 (pretrain 1411): AUROC=0.039, AP=0.000, positives=1.0
Class 67 (pretrain 11734): AUROC=0.854, AP=0.366, positives=598.0
Class 68 (pretrain 8556): AUROC=0.567, AP=0.006, positives=87.0
Class 69 (pretrain 8569): AUROC=0.624, AP=0.018, positives=162.0
Class 70 (pretrain 8567): AUROC=0.536, AP=0.002, positives=14.0
Class 71 (pretrain 8576): AUROC=0.664, AP=0.052, positives=239.0
Class 72 (pretrain 8577): AUROC=0.791, AP=0.087, positives=94.0
Class 73 (pretrain 6572): AUROC=0.665, AP=0.007, positives=21.0
Class 74 (pretrain 13612): AUROC=0.609, AP=0.050, positives=370.0
Class 75 (pretrain 13626): AUROC=0.614, AP=0.000, positives=2.0
Class 76 (pretrain 13639): AUROC=0.705, AP=0.103, positives=245.0
Class 77 (pretrain 3886): AUROC=0.776, AP=0.159, positives=311.0
Class 78 (pretrain 13448): AUROC=0.851, AP=0.245, positives=185.0
Class 79 (pretrain 10128): AUROC=0.814, AP=0.220, positives=109.0
Class 80 (pretrain 2435): AUROC=0.653, AP=0.103, positives=785.0
Class 81 (pretrain 8537): AUROC=0.703, AP=0.201, positives=613.0
Class 82 (pretrain 331): AUROC=0.531, AP=0.044, positives=376.0
Class 83 (pretrain 5172): AUROC=0.246, AP=0.000, positives=4.0
Class 84 (pretrain 5171): AUROC=0.708, AP=0.408, positives=2278.0
Class 85 (pretrain 5175): AUROC=0.824, AP=0.443, positives=415.0
Class 86 (pretrain 3336): AUROC=0.497, AP=0.099, positives=21.0
Class 87 (pretrain 10492): AUROC=0.610, AP=0.044, positives=166.0
Class 88 (pretrain 14196): AUROC=0.076, AP=0.000, positives=1.0
Class 89 (pretrain 8457): AUROC=0.746, AP=0.072, positives=21.0
Class 90 (pretrain 9342): AUROC=0.520, AP=0.001, positives=9.0
Class 91 (pretrain 3492): AUROC=0.817, AP=0.266, positives=74.0
Class 92 (pretrain 5982): AUROC=0.684, AP=0.007, positives=60.0
Class 93 (pretrain 10847): AUROC=0.971, AP=0.003, positives=2.0
Class 94 (pretrain 13808): AUROC=0.757, AP=0.037, positives=123.0
Class 95 (pretrain 13811): AUROC=0.471, AP=0.000, positives=2.0
Class 96 (pretrain 10602): AUROC=0.749, AP=0.021, positives=127.0
Class 97 (pretrain 10606): AUROC=0.763, AP=0.005, positives=26.0
Class 98 (pretrain 6915): AUROC=0.946, AP=0.001, positives=1.0
Class 99 (pretrain 6922): AUROC=0.786, AP=0.540, positives=1688.0
Class 100 (pretrain 8495): AUROC=0.892, AP=0.020, positives=2.0
Class 101 (pretrain 7738): AUROC=0.863, AP=0.011, positives=21.0
Class 102 (pretrain 12152): AUROC=0.620, AP=0.023, positives=33.0
Class 103 (pretrain 12673): AUROC=0.591, AP=0.007, positives=61.0
Class 104 (pretrain 8429): AUROC=0.932, AP=0.361, positives=100.0
Class 105 (pretrain 1369): AUROC=0.702, AP=0.009, positives=44.0
Class 106 (pretrain 1374): AUROC=0.308, AP=0.001, positives=22.0
Class 107 (pretrain 11812): AUROC=0.729, AP=0.101, positives=246.0
Class 108 (pretrain 7213): AUROC=0.918, AP=0.739, positives=1046.0
Class 109 (pretrain 3280): AUROC=0.868, AP=0.429, positives=53.0
Class 110 (pretrain 10478): AUROC=0.698, AP=0.003, positives=5.0
Class 111 (pretrain 9233): AUROC=0.509, AP=0.000, positives=1.0
Class 112 (pretrain 6833): AUROC=0.775, AP=0.041, positives=34.0
Class 113 (pretrain 9564): AUROC=0.933, AP=0.601, positives=655.0
Class 114 (pretrain 9561): AUROC=0.507, AP=0.004, positives=66.0
Class 115 (pretrain 9574): AUROC=0.909, AP=0.484, positives=732.0
Class 116 (pretrain 2151): AUROC=0.852, AP=0.655, positives=2015.0
Class 117 (pretrain 2168): AUROC=0.766, AP=0.388, positives=1487.0
Class 118 (pretrain 3924): AUROC=0.702, AP=0.001, positives=10.0
Class 119 (pretrain 14097): AUROC=0.728, AP=0.093, positives=446.0
Class 120 (pretrain 14070): AUROC=0.929, AP=0.130, positives=233.0
Class 121 (pretrain 14094): AUROC=0.790, AP=0.701, positives=6167.0
Class 122 (pretrain 4958): AUROC=0.513, AP=0.001, positives=12.0
Class 123 (pretrain 11226): AUROC=0.848, AP=0.500, positives=501.0
Class 124 (pretrain 11228): AUROC=0.877, AP=0.086, positives=14.0
Class 125 (pretrain 1926): AUROC=0.556, AP=0.031, positives=183.0
Class 126 (pretrain 1918): AUROC=0.892, AP=0.111, positives=39.0
Class 127 (pretrain 5791): AUROC=0.313, AP=0.000, positives=2.0
Class 128 (pretrain 3834): AUROC=0.821, AP=0.518, positives=584.0
Class 129 (pretrain 12257): AUROC=0.693, AP=0.041, positives=160.0
Class 130 (pretrain 12262): AUROC=0.691, AP=0.130, positives=280.0
Class 131 (pretrain 13392): AUROC=0.923, AP=0.178, positives=207.0
Audio-only scores: {'macro_auroc': np.float64(0.7342513233532568), 'cmap': np.float64(0.17550819621153071), 'micro_auroc': 0.8019725086815878, 'micro_map': 0.19591594137071477, 'auroc_per_class': [0.8154297693920335, 0.8204476483424856, 0.7077144077554507, 0.8227960329667036, 0.7844259775247387, 0.6439736759852546, 0.6053194775394934, 0.6436981915414342, 0.9983043276866067, 0.9700033079722131, 0.9090075629738867, 0.6962801261273179, 0.993118962551277, 0.9087809848886532, 0.8395141471865081, 0.901214497807712, 0.9044516470432596, 0.5783383835255924, 0.7795346531965, 0.7342699274562604, 0.8603633683434678, 0.6465099614011898, 0.8724874774785926, 0.9670678530222018, 0.9398124667700625, 0.590235199971119, 0.7387052132464678, 0.28422953982334365, 0.6665425125635827, 0.9814802566307296, 0.21659169092352473, 0.8753331407120036, 0.7878708333333334, 0.7651295723727832, 0.8850272695089959, 0.6560334875433342, 0.5570807554708442, 0.8849098016792776, 0.570313533536182, 0.6430437946546705, 0.6845785884533899, 0.5771206809111156, 0.6912508272667107, 0.7227359519125935, 0.8465296652303613, 0.7888134104296656, 0.9001837361635903, 0.8434063697872772, 0.823970099667774, 0.7842059994082251, 0.7938730488256758, 0.8580444807613758, 0.893696793260112, 0.937202630128035, 0.7882290249160033, 0.953145684405613, 0.8346231743980074, 0.798203141638124, 0.7023068273361976, 0.9014466712728773, 0.4742968091357331, 0.8190657289494601, 0.9644522965270413, 1.0, 0.723775171776823, 0.5546175734191301, 0.039089886897281545, 0.8544163071229951, 0.5665275856716756, 0.6237332844722424, 0.535804127026158, 0.6639254402921475, 0.7913400460478432, 0.6649068528663203, 0.6093365093907467, 0.6143008334435772, 0.7052674326873607, 0.7764253900524124, 0.8511508428415024, 0.8144214120654028, 0.6527048180592244, 0.7026912023458102, 0.5311193121471699, 0.2458156919820058, 0.7080758592409482, 0.8243190784218137, 0.4973145493709769, 0.6095079126187779, 0.07626165751703151, 0.7461247827828397, 0.520459709262568, 0.8173407855549287, 0.6836703187250996, 0.9713917184812806, 0.7573281593988175, 0.4707633284826035, 0.7485117726855209, 0.7633878973815371, 0.9460281764666975, 0.7862622355822836, 0.8916192618071173, 0.8629584425332487, 0.6203755591307789, 0.5911132060888374, 0.932112516644474, 0.701528166381244, 0.30844241862257493, 0.72949920251522, 0.9175393529041115, 0.8675413342416451, 0.6975587165067814, 0.5086976651894967, 0.7754579625831506, 0.9326130195813533, 0.5065848802895435, 0.9091939757782366, 0.8516554494477228, 0.7655866972180867, 0.702071475843812, 0.7276732098687714, 0.928907642148823, 0.7895027671939969, 0.5134310740446563, 0.8482093204657106, 0.8772767679824478, 0.5564121587534676, 0.892200918459124, 0.31307051197248315, 0.8205246563091353, 0.6930533506016043, 0.6909784125914515, 0.9228938471152005], 'ap_per_class': [0.22737727028767762, 0.1869729841208968, 0.11882427101179763, 0.28653982328615196, 0.17965799169057395, 0.06239281498255092, 0.0016099548698318275, 0.05919267949078768, 0.43478854502384745, 0.4828019842313862, 0.16184086635210254, 0.0038439972781246228, 0.2271300354570655, 0.06142831604211555, 0.2649540535462589, 0.2603048298330672, 0.0010210191767361164, 0.006722493135499221, 0.24243464190500041, 0.11407101562371971, 0.12478849833088078, 0.09815050616878748, 0.15368596703636783, 0.6659759844385511, 0.7257140836760388, 0.0011003743680771023, 0.305185739859553, 0.001050948159394092, 0.03732758090816342, 0.0035587188612099642, 0.00020148409104494647, 0.6212573593472733, 0.08003167355956563, 0.09519580710566446, 0.3688354273776247, 0.051220375208732426, 0.021056286091282673, 0.6029104368901644, 0.00023024000865671165, 0.00046531433103332693, 0.0017066492155870458, 0.16685537240167897, 0.00168200848860816, 0.15138843519287334, 0.054867269815042065, 0.19157339906432264, 0.5700550156432408, 0.13981511822096587, 0.03520669621134089, 0.22865490419038761, 0.12377527955422192, 0.541799939706411, 0.036954537336793956, 0.2416109983678391, 0.12017305651639476, 0.04116662928745948, 0.4738361439204246, 0.22228739404208267, 0.10207337834461053, 0.572513536353503, 0.003921779807279256, 0.4326960253821184, 0.3211031970269154, 1.0, 0.019983935856845353, 0.016805352727822465, 6.882786151834262e-05, 0.36648874707370216, 0.006398768620948288, 0.01811586364883383, 0.0022637751094048367, 0.051508069208883546, 0.08665232415614045, 0.0068198175429923244, 0.050409279679112, 0.0002498281010432317, 0.1032988385897256, 0.15854303180350057, 0.24463803761133113, 0.2196927348694738, 0.10264994299729024, 0.20126943013368026, 0.04407236404301345, 0.0002430918067080697, 0.40780382188670905, 0.44338300652028706, 0.0994452171925834, 0.04383920959871385, 7.159733657907926e-05, 0.07235333183992639, 0.0007310026935080291, 0.26566097270586936, 0.007414653349955006, 0.003358405804195424, 0.03677324278309804, 0.0003312836596838985, 0.021261855774455853, 0.004842880643534907, 0.0012239902080783353, 0.5403646303346514, 0.019538083305753864, 0.011447024907384157, 0.023303421581843852, 0.006872023413571538, 0.3613589815455946, 0.008869043151081167, 0.001003672871982234, 0.10109551634078218, 0.7391434600529551, 0.42876564664441946, 0.0032441283891498896, 0.00013460761879122358, 0.041151762820231606, 0.6011874165130802, 0.004133685344100656, 0.48406601392973064, 0.6553016297259954, 0.3878139541780653, 0.0012816086610903867, 0.09325399689363244, 0.1302305472368926, 0.7014793204644324, 0.0008375852982719168, 0.49978908002928984, 0.08556886048971026, 0.030996031414969018, 0.11067467964365113, 0.0001406475358169753, 0.5182352839634085, 0.04149292170538291, 0.13015301536424684, 0.17791792785958754], 'class_info': [{'class_idx': 0, 'pretrain_idx': 13748, 'n_positives': np.float32(15.0), 'auroc': 0.8154297693920335, 'ap': 0.22737727028767762}, {'class_idx': 1, 'pretrain_idx': 3711, 'n_positives': np.float32(728.0), 'auroc': 0.8204476483424856, 'ap': 0.1869729841208968}, {'class_idx': 2, 'pretrain_idx': 3720, 'n_positives': np.float32(950.0), 'auroc': 0.7077144077554507, 'ap': 0.11882427101179763}, {'class_idx': 3, 'pretrain_idx': 3724, 'n_positives': np.float32(667.0), 'auroc': 0.8227960329667036, 'ap': 0.28653982328615196}, {'class_idx': 4, 'pretrain_idx': 3706, 'n_positives': np.float32(109.0), 'auroc': 0.7844259775247387, 'ap': 0.17965799169057395}, {'class_idx': 5, 'pretrain_idx': 712, 'n_positives': np.float32(116.0), 'auroc': 0.6439736759852546, 'ap': 0.06239281498255092}, {'class_idx': 6, 'pretrain_idx': 9356, 'n_positives': np.float32(12.0), 'auroc': 0.6053194775394934, 'ap': 0.0016099548698318275}, {'class_idx': 7, 'pretrain_idx': 9864, 'n_positives': np.float32(71.0), 'auroc': 0.6436981915414342, 'ap': 0.05919267949078768}, {'class_idx': 8, 'pretrain_idx': 9049, 'n_positives': np.float32(8.0), 'auroc': 0.9983043276866067, 'ap': 0.43478854502384745}, {'class_idx': 9, 'pretrain_idx': 8957, 'n_positives': np.float32(5.0), 'auroc': 0.9700033079722131, 'ap': 0.4828019842313862}, {'class_idx': 10, 'pretrain_idx': 13441, 'n_positives': np.float32(97.0), 'auroc': 0.9090075629738867, 'ap': 0.16184086635210254}, {'class_idx': 11, 'pretrain_idx': 10390, 'n_positives': np.float32(3.0), 'auroc': 0.6962801261273179, 'ap': 0.0038439972781246228}, {'class_idx': 12, 'pretrain_idx': 9770, 'n_positives': np.float32(6.0), 'auroc': 0.993118962551277, 'ap': 0.2271300354570655}, {'class_idx': 13, 'pretrain_idx': 9758, 'n_positives': np.float32(32.0), 'auroc': 0.9087809848886532, 'ap': 0.06142831604211555}, {'class_idx': 14, 'pretrain_idx': 9769, 'n_positives': np.float32(692.0), 'auroc': 0.8395141471865081, 'ap': 0.2649540535462589}, {'class_idx': 15, 'pretrain_idx': 9772, 'n_positives': np.float32(254.0), 'auroc': 0.901214497807712, 'ap': 0.2603048298330672}, {'class_idx': 16, 'pretrain_idx': 3094, 'n_positives': np.float32(2.0), 'auroc': 0.9044516470432596, 'ap': 0.0010210191767361164}, {'class_idx': 17, 'pretrain_idx': 5483, 'n_positives': np.float32(87.0), 'auroc': 0.5783383835255924, 'ap': 0.006722493135499221}, {'class_idx': 18, 'pretrain_idx': 7095, 'n_positives': np.float32(1181.0), 'auroc': 0.7795346531965, 'ap': 0.24243464190500041}, {'class_idx': 19, 'pretrain_idx': 1050, 'n_positives': np.float32(18.0), 'auroc': 0.7342699274562604, 'ap': 0.11407101562371971}, {'class_idx': 20, 'pretrain_idx': 8001, 'n_positives': np.float32(45.0), 'auroc': 0.8603633683434678, 'ap': 0.12478849833088078}, {'class_idx': 21, 'pretrain_idx': 5545, 'n_positives': np.float32(173.0), 'auroc': 0.6465099614011898, 'ap': 0.09815050616878748}, {'class_idx': 22, 'pretrain_idx': 5537, 'n_positives': np.float32(59.0), 'auroc': 0.8724874774785926, 'ap': 0.15368596703636783}, {'class_idx': 23, 'pretrain_idx': 7760, 'n_positives': np.float32(87.0), 'auroc': 0.9670678530222018, 'ap': 0.6659759844385511}, {'class_idx': 24, 'pretrain_idx': 14012, 'n_positives': np.float32(303.0), 'auroc': 0.9398124667700625, 'ap': 0.7257140836760388}, {'class_idx': 25, 'pretrain_idx': 14021, 'n_positives': np.float32(11.0), 'auroc': 0.590235199971119, 'ap': 0.0011003743680771023}, {'class_idx': 26, 'pretrain_idx': 14016, 'n_positives': np.float32(204.0), 'auroc': 0.7387052132464678, 'ap': 0.305185739859553}, {'class_idx': 27, 'pretrain_idx': 14008, 'n_positives': np.float32(14.0), 'auroc': 0.28422953982334365, 'ap': 0.001050948159394092}, {'class_idx': 28, 'pretrain_idx': 14006, 'n_positives': np.float32(282.0), 'auroc': 0.6665425125635827, 'ap': 0.03732758090816342}, {'class_idx': 29, 'pretrain_idx': 2685, 'n_positives': np.float32(1.0), 'auroc': 0.9814802566307296, 'ap': 0.0035587188612099642}, {'class_idx': 30, 'pretrain_idx': 7715, 'n_positives': np.float32(4.0), 'auroc': 0.21659169092352473, 'ap': 0.00020148409104494647}, {'class_idx': 31, 'pretrain_idx': 8235, 'n_positives': np.float32(789.0), 'auroc': 0.8753331407120036, 'ap': 0.6212573593472733}, {'class_idx': 32, 'pretrain_idx': 5290, 'n_positives': np.float32(120.0), 'auroc': 0.7878708333333334, 'ap': 0.08003167355956563}, {'class_idx': 33, 'pretrain_idx': 8987, 'n_positives': np.float32(38.0), 'auroc': 0.7651295723727832, 'ap': 0.09519580710566446}, {'class_idx': 34, 'pretrain_idx': 8249, 'n_positives': np.float32(87.0), 'auroc': 0.8850272695089959, 'ap': 0.3688354273776247}, {'class_idx': 35, 'pretrain_idx': 2177, 'n_positives': np.float32(39.0), 'auroc': 0.6560334875433342, 'ap': 0.051220375208732426}, {'class_idx': 36, 'pretrain_idx': 4847, 'n_positives': np.float32(26.0), 'auroc': 0.5570807554708442, 'ap': 0.021056286091282673}, {'class_idx': 37, 'pretrain_idx': 11860, 'n_positives': np.float32(761.0), 'auroc': 0.8849098016792776, 'ap': 0.6029104368901644}, {'class_idx': 38, 'pretrain_idx': 7803, 'n_positives': np.float32(2.0), 'auroc': 0.570313533536182, 'ap': 0.00023024000865671165}, {'class_idx': 39, 'pretrain_idx': 4356, 'n_positives': np.float32(4.0), 'auroc': 0.6430437946546705, 'ap': 0.00046531433103332693}, {'class_idx': 40, 'pretrain_idx': 10408, 'n_positives': np.float32(16.0), 'auroc': 0.6845785884533899, 'ap': 0.0017066492155870458}, {'class_idx': 41, 'pretrain_idx': 10406, 'n_positives': np.float32(3.0), 'auroc': 0.5771206809111156, 'ap': 0.16685537240167897}, {'class_idx': 42, 'pretrain_idx': 2368, 'n_positives': np.float32(10.0), 'auroc': 0.6912508272667107, 'ap': 0.00168200848860816}, {'class_idx': 43, 'pretrain_idx': 2367, 'n_positives': np.float32(46.0), 'auroc': 0.7227359519125935, 'ap': 0.15138843519287334}, {'class_idx': 44, 'pretrain_idx': 2108, 'n_positives': np.float32(35.0), 'auroc': 0.8465296652303613, 'ap': 0.054867269815042065}, {'class_idx': 45, 'pretrain_idx': 3977, 'n_positives': np.float32(11.0), 'auroc': 0.7888134104296656, 'ap': 0.19157339906432264}, {'class_idx': 46, 'pretrain_idx': 8048, 'n_positives': np.float32(402.0), 'auroc': 0.9001837361635903, 'ap': 0.5700550156432408}, {'class_idx': 47, 'pretrain_idx': 8049, 'n_positives': np.float32(53.0), 'auroc': 0.8434063697872772, 'ap': 0.13981511822096587}, {'class_idx': 48, 'pretrain_idx': 8043, 'n_positives': np.float32(70.0), 'auroc': 0.823970099667774, 'ap': 0.03520669621134089}, {'class_idx': 49, 'pretrain_idx': 1765, 'n_positives': np.float32(121.0), 'auroc': 0.7842059994082251, 'ap': 0.22865490419038761}, {'class_idx': 50, 'pretrain_idx': 10463, 'n_positives': np.float32(27.0), 'auroc': 0.7938730488256758, 'ap': 0.12377527955422192}, {'class_idx': 51, 'pretrain_idx': 471, 'n_positives': np.float32(666.0), 'auroc': 0.8580444807613758, 'ap': 0.541799939706411}, {'class_idx': 52, 'pretrain_idx': 1064, 'n_positives': np.float32(6.0), 'auroc': 0.893696793260112, 'ap': 0.036954537336793956}, {'class_idx': 53, 'pretrain_idx': 9372, 'n_positives': np.float32(52.0), 'auroc': 0.937202630128035, 'ap': 0.2416109983678391}, {'class_idx': 54, 'pretrain_idx': 12707, 'n_positives': np.float32(22.0), 'auroc': 0.7882290249160033, 'ap': 0.12017305651639476}, {'class_idx': 55, 'pretrain_idx': 4021, 'n_positives': np.float32(12.0), 'auroc': 0.953145684405613, 'ap': 0.04116662928745948}, {'class_idx': 56, 'pretrain_idx': 4017, 'n_positives': np.float32(341.0), 'auroc': 0.8346231743980074, 'ap': 0.4738361439204246}, {'class_idx': 57, 'pretrain_idx': 8643, 'n_positives': np.float32(271.0), 'auroc': 0.798203141638124, 'ap': 0.22228739404208267}, {'class_idx': 58, 'pretrain_idx': 4032, 'n_positives': np.float32(224.0), 'auroc': 0.7023068273361976, 'ap': 0.10207337834461053}, {'class_idx': 59, 'pretrain_idx': 14529, 'n_positives': np.float32(304.0), 'auroc': 0.9014466712728773, 'ap': 0.572513536353503}, {'class_idx': 60, 'pretrain_idx': 14523, 'n_positives': np.float32(65.0), 'auroc': 0.4742968091357331, 'ap': 0.003921779807279256}, {'class_idx': 61, 'pretrain_idx': 14527, 'n_positives': np.float32(905.0), 'auroc': 0.8190657289494601, 'ap': 0.4326960253821184}, {'class_idx': 62, 'pretrain_idx': 4079, 'n_positives': np.float32(32.0), 'auroc': 0.9644522965270413, 'ap': 0.3211031970269154}, {'class_idx': 63, 'pretrain_idx': 14494, 'n_positives': np.float32(1.0), 'auroc': 1.0, 'ap': 1.0}, {'class_idx': 64, 'pretrain_idx': 10124, 'n_positives': np.float32(76.0), 'auroc': 0.723775171776823, 'ap': 0.019983935856845353}, {'class_idx': 65, 'pretrain_idx': 4063, 'n_positives': np.float32(88.0), 'auroc': 0.5546175734191301, 'ap': 0.016805352727822465}, {'class_idx': 66, 'pretrain_idx': 1411, 'n_positives': np.float32(1.0), 'auroc': 0.039089886897281545, 'ap': 6.882786151834262e-05}, {'class_idx': 67, 'pretrain_idx': 11734, 'n_positives': np.float32(598.0), 'auroc': 0.8544163071229951, 'ap': 0.36648874707370216}, {'class_idx': 68, 'pretrain_idx': 8556, 'n_positives': np.float32(87.0), 'auroc': 0.5665275856716756, 'ap': 0.006398768620948288}, {'class_idx': 69, 'pretrain_idx': 8569, 'n_positives': np.float32(162.0), 'auroc': 0.6237332844722424, 'ap': 0.01811586364883383}, {'class_idx': 70, 'pretrain_idx': 8567, 'n_positives': np.float32(14.0), 'auroc': 0.535804127026158, 'ap': 0.0022637751094048367}, {'class_idx': 71, 'pretrain_idx': 8576, 'n_positives': np.float32(239.0), 'auroc': 0.6639254402921475, 'ap': 0.051508069208883546}, {'class_idx': 72, 'pretrain_idx': 8577, 'n_positives': np.float32(94.0), 'auroc': 0.7913400460478432, 'ap': 0.08665232415614045}, {'class_idx': 73, 'pretrain_idx': 6572, 'n_positives': np.float32(21.0), 'auroc': 0.6649068528663203, 'ap': 0.0068198175429923244}, {'class_idx': 74, 'pretrain_idx': 13612, 'n_positives': np.float32(370.0), 'auroc': 0.6093365093907467, 'ap': 0.050409279679112}, {'class_idx': 75, 'pretrain_idx': 13626, 'n_positives': np.float32(2.0), 'auroc': 0.6143008334435772, 'ap': 0.0002498281010432317}, {'class_idx': 76, 'pretrain_idx': 13639, 'n_positives': np.float32(245.0), 'auroc': 0.7052674326873607, 'ap': 0.1032988385897256}, {'class_idx': 77, 'pretrain_idx': 3886, 'n_positives': np.float32(311.0), 'auroc': 0.7764253900524124, 'ap': 0.15854303180350057}, {'class_idx': 78, 'pretrain_idx': 13448, 'n_positives': np.float32(185.0), 'auroc': 0.8511508428415024, 'ap': 0.24463803761133113}, {'class_idx': 79, 'pretrain_idx': 10128, 'n_positives': np.float32(109.0), 'auroc': 0.8144214120654028, 'ap': 0.2196927348694738}, {'class_idx': 80, 'pretrain_idx': 2435, 'n_positives': np.float32(785.0), 'auroc': 0.6527048180592244, 'ap': 0.10264994299729024}, {'class_idx': 81, 'pretrain_idx': 8537, 'n_positives': np.float32(613.0), 'auroc': 0.7026912023458102, 'ap': 0.20126943013368026}, {'class_idx': 82, 'pretrain_idx': 331, 'n_positives': np.float32(376.0), 'auroc': 0.5311193121471699, 'ap': 0.04407236404301345}, {'class_idx': 83, 'pretrain_idx': 5172, 'n_positives': np.float32(4.0), 'auroc': 0.2458156919820058, 'ap': 0.0002430918067080697}, {'class_idx': 84, 'pretrain_idx': 5171, 'n_positives': np.float32(2278.0), 'auroc': 0.7080758592409482, 'ap': 0.40780382188670905}, {'class_idx': 85, 'pretrain_idx': 5175, 'n_positives': np.float32(415.0), 'auroc': 0.8243190784218137, 'ap': 0.44338300652028706}, {'class_idx': 86, 'pretrain_idx': 3336, 'n_positives': np.float32(21.0), 'auroc': 0.4973145493709769, 'ap': 0.0994452171925834}, {'class_idx': 87, 'pretrain_idx': 10492, 'n_positives': np.float32(166.0), 'auroc': 0.6095079126187779, 'ap': 0.04383920959871385}, {'class_idx': 88, 'pretrain_idx': 14196, 'n_positives': np.float32(1.0), 'auroc': 0.07626165751703151, 'ap': 7.159733657907926e-05}, {'class_idx': 89, 'pretrain_idx': 8457, 'n_positives': np.float32(21.0), 'auroc': 0.7461247827828397, 'ap': 0.07235333183992639}, {'class_idx': 90, 'pretrain_idx': 9342, 'n_positives': np.float32(9.0), 'auroc': 0.520459709262568, 'ap': 0.0007310026935080291}, {'class_idx': 91, 'pretrain_idx': 3492, 'n_positives': np.float32(74.0), 'auroc': 0.8173407855549287, 'ap': 0.26566097270586936}, {'class_idx': 92, 'pretrain_idx': 5982, 'n_positives': np.float32(60.0), 'auroc': 0.6836703187250996, 'ap': 0.007414653349955006}, {'class_idx': 93, 'pretrain_idx': 10847, 'n_positives': np.float32(2.0), 'auroc': 0.9713917184812806, 'ap': 0.003358405804195424}, {'class_idx': 94, 'pretrain_idx': 13808, 'n_positives': np.float32(123.0), 'auroc': 0.7573281593988175, 'ap': 0.03677324278309804}, {'class_idx': 95, 'pretrain_idx': 13811, 'n_positives': np.float32(2.0), 'auroc': 0.4707633284826035, 'ap': 0.0003312836596838985}, {'class_idx': 96, 'pretrain_idx': 10602, 'n_positives': np.float32(127.0), 'auroc': 0.7485117726855209, 'ap': 0.021261855774455853}, {'class_idx': 97, 'pretrain_idx': 10606, 'n_positives': np.float32(26.0), 'auroc': 0.7633878973815371, 'ap': 0.004842880643534907}, {'class_idx': 98, 'pretrain_idx': 6915, 'n_positives': np.float32(1.0), 'auroc': 0.9460281764666975, 'ap': 0.0012239902080783353}, {'class_idx': 99, 'pretrain_idx': 6922, 'n_positives': np.float32(1688.0), 'auroc': 0.7862622355822836, 'ap': 0.5403646303346514}, {'class_idx': 100, 'pretrain_idx': 8495, 'n_positives': np.float32(2.0), 'auroc': 0.8916192618071173, 'ap': 0.019538083305753864}, {'class_idx': 101, 'pretrain_idx': 7738, 'n_positives': np.float32(21.0), 'auroc': 0.8629584425332487, 'ap': 0.011447024907384157}, {'class_idx': 102, 'pretrain_idx': 12152, 'n_positives': np.float32(33.0), 'auroc': 0.6203755591307789, 'ap': 0.023303421581843852}, {'class_idx': 103, 'pretrain_idx': 12673, 'n_positives': np.float32(61.0), 'auroc': 0.5911132060888374, 'ap': 0.006872023413571538}, {'class_idx': 104, 'pretrain_idx': 8429, 'n_positives': np.float32(100.0), 'auroc': 0.932112516644474, 'ap': 0.3613589815455946}, {'class_idx': 105, 'pretrain_idx': 1369, 'n_positives': np.float32(44.0), 'auroc': 0.701528166381244, 'ap': 0.008869043151081167}, {'class_idx': 106, 'pretrain_idx': 1374, 'n_positives': np.float32(22.0), 'auroc': 0.30844241862257493, 'ap': 0.001003672871982234}, {'class_idx': 107, 'pretrain_idx': 11812, 'n_positives': np.float32(246.0), 'auroc': 0.72949920251522, 'ap': 0.10109551634078218}, {'class_idx': 108, 'pretrain_idx': 7213, 'n_positives': np.float32(1046.0), 'auroc': 0.9175393529041115, 'ap': 0.7391434600529551}, {'class_idx': 109, 'pretrain_idx': 3280, 'n_positives': np.float32(53.0), 'auroc': 0.8675413342416451, 'ap': 0.42876564664441946}, {'class_idx': 110, 'pretrain_idx': 10478, 'n_positives': np.float32(5.0), 'auroc': 0.6975587165067814, 'ap': 0.0032441283891498896}, {'class_idx': 111, 'pretrain_idx': 9233, 'n_positives': np.float32(1.0), 'auroc': 0.5086976651894967, 'ap': 0.00013460761879122358}, {'class_idx': 112, 'pretrain_idx': 6833, 'n_positives': np.float32(34.0), 'auroc': 0.7754579625831506, 'ap': 0.041151762820231606}, {'class_idx': 113, 'pretrain_idx': 9564, 'n_positives': np.float32(655.0), 'auroc': 0.9326130195813533, 'ap': 0.6011874165130802}, {'class_idx': 114, 'pretrain_idx': 9561, 'n_positives': np.float32(66.0), 'auroc': 0.5065848802895435, 'ap': 0.004133685344100656}, {'class_idx': 115, 'pretrain_idx': 9574, 'n_positives': np.float32(732.0), 'auroc': 0.9091939757782366, 'ap': 0.48406601392973064}, {'class_idx': 116, 'pretrain_idx': 2151, 'n_positives': np.float32(2015.0), 'auroc': 0.8516554494477228, 'ap': 0.6553016297259954}, {'class_idx': 117, 'pretrain_idx': 2168, 'n_positives': np.float32(1487.0), 'auroc': 0.7655866972180867, 'ap': 0.3878139541780653}, {'class_idx': 118, 'pretrain_idx': 3924, 'n_positives': np.float32(10.0), 'auroc': 0.702071475843812, 'ap': 0.0012816086610903867}, {'class_idx': 119, 'pretrain_idx': 14097, 'n_positives': np.float32(446.0), 'auroc': 0.7276732098687714, 'ap': 0.09325399689363244}, {'class_idx': 120, 'pretrain_idx': 14070, 'n_positives': np.float32(233.0), 'auroc': 0.928907642148823, 'ap': 0.1302305472368926}, {'class_idx': 121, 'pretrain_idx': 14094, 'n_positives': np.float32(6167.0), 'auroc': 0.7895027671939969, 'ap': 0.7014793204644324}, {'class_idx': 122, 'pretrain_idx': 4958, 'n_positives': np.float32(12.0), 'auroc': 0.5134310740446563, 'ap': 0.0008375852982719168}, {'class_idx': 123, 'pretrain_idx': 11226, 'n_positives': np.float32(501.0), 'auroc': 0.8482093204657106, 'ap': 0.49978908002928984}, {'class_idx': 124, 'pretrain_idx': 11228, 'n_positives': np.float32(14.0), 'auroc': 0.8772767679824478, 'ap': 0.08556886048971026}, {'class_idx': 125, 'pretrain_idx': 1926, 'n_positives': np.float32(183.0), 'auroc': 0.5564121587534676, 'ap': 0.030996031414969018}, {'class_idx': 126, 'pretrain_idx': 1918, 'n_positives': np.float32(39.0), 'auroc': 0.892200918459124, 'ap': 0.11067467964365113}, {'class_idx': 127, 'pretrain_idx': 5791, 'n_positives': np.float32(2.0), 'auroc': 0.31307051197248315, 'ap': 0.0001406475358169753}, {'class_idx': 128, 'pretrain_idx': 3834, 'n_positives': np.float32(584.0), 'auroc': 0.8205246563091353, 'ap': 0.5182352839634085}, {'class_idx': 129, 'pretrain_idx': 12257, 'n_positives': np.float32(160.0), 'auroc': 0.6930533506016043, 'ap': 0.04149292170538291}, {'class_idx': 130, 'pretrain_idx': 12262, 'n_positives': np.float32(280.0), 'auroc': 0.6909784125914515, 'ap': 0.13015301536424684}, {'class_idx': 131, 'pretrain_idx': 13392, 'n_positives': np.float32(207.0), 'auroc': 0.9228938471152005, 'ap': 0.17791792785958754}], 'n_valid_classes': 132, 'all_probs': array([[0.93850875, 0.9371681 , 0.993232  , ..., 0.60907656, 0.9001946 ,
        0.8076224 ],
       [0.9363551 , 0.95658404, 0.9952224 , ..., 0.9460511 , 0.9791148 ,
        0.45374638],
       [0.86975926, 0.85042644, 0.9963319 , ..., 0.75755006, 0.97791445,
        0.60689604],
       ...,
       [0.98950666, 0.9992716 , 0.9984864 , ..., 0.8271824 , 0.9459629 ,
        0.89977616],
       [0.9556101 , 0.9902598 , 0.9915342 , ..., 0.82601017, 0.93217725,
        0.93775547],
       [0.98616517, 0.9997501 , 0.9987147 , ..., 0.8993764 , 0.93933856,
        0.8051932 ]], dtype=float32), 'all_labels': array([[0., 0., 0., ..., 0., 0., 0.],
       [0., 0., 0., ..., 0., 0., 0.],
       [0., 0., 0., ..., 0., 0., 0.],
       ...,
       [0., 0., 0., ..., 0., 0., 0.],
       [0., 0., 0., ..., 0., 0., 0.],
       [0., 0., 0., ..., 0., 0., 0.]], dtype=float32)}
Class 0 (pretrain 13748): AUROC=0.824, AP=0.213, positives=15.0
Class 1 (pretrain 3711): AUROC=0.820, AP=0.185, positives=728.0
Class 2 (pretrain 3720): AUROC=0.723, AP=0.128, positives=950.0
Class 3 (pretrain 3724): AUROC=0.799, AP=0.283, positives=667.0
Class 4 (pretrain 3706): AUROC=0.788, AP=0.165, positives=109.0
Class 5 (pretrain 712): AUROC=0.661, AP=0.075, positives=116.0
Class 6 (pretrain 9356): AUROC=0.712, AP=0.002, positives=12.0
Class 7 (pretrain 9864): AUROC=0.653, AP=0.065, positives=71.0
Class 8 (pretrain 9049): AUROC=0.999, AP=0.468, positives=8.0
Class 9 (pretrain 8957): AUROC=0.968, AP=0.470, positives=5.0
Class 10 (pretrain 13441): AUROC=0.882, AP=0.129, positives=97.0
Class 11 (pretrain 10390): AUROC=0.722, AP=0.010, positives=3.0
Class 12 (pretrain 9770): AUROC=0.992, AP=0.205, positives=6.0
Class 13 (pretrain 9758): AUROC=0.918, AP=0.069, positives=32.0
Class 14 (pretrain 9769): AUROC=0.820, AP=0.235, positives=692.0
Class 15 (pretrain 9772): AUROC=0.891, AP=0.221, positives=254.0
Class 16 (pretrain 3094): AUROC=0.931, AP=0.001, positives=2.0
Class 17 (pretrain 5483): AUROC=0.556, AP=0.006, positives=87.0
Class 18 (pretrain 7095): AUROC=0.782, AP=0.235, positives=1181.0
Class 19 (pretrain 1050): AUROC=0.759, AP=0.095, positives=18.0
Class 20 (pretrain 8001): AUROC=0.868, AP=0.116, positives=45.0
Class 21 (pretrain 5545): AUROC=0.679, AP=0.106, positives=173.0
Class 22 (pretrain 5537): AUROC=0.816, AP=0.145, positives=59.0
Class 23 (pretrain 7760): AUROC=0.974, AP=0.693, positives=87.0
Class 24 (pretrain 14012): AUROC=0.905, AP=0.540, positives=303.0
Class 25 (pretrain 14021): AUROC=0.546, AP=0.001, positives=11.0
Class 26 (pretrain 14016): AUROC=0.708, AP=0.312, positives=204.0
Class 27 (pretrain 14008): AUROC=0.330, AP=0.001, positives=14.0
Class 28 (pretrain 14006): AUROC=0.663, AP=0.037, positives=282.0
Class 29 (pretrain 2685): AUROC=0.985, AP=0.004, positives=1.0
Class 30 (pretrain 7715): AUROC=0.250, AP=0.000, positives=4.0
Class 31 (pretrain 8235): AUROC=0.891, AP=0.637, positives=789.0
Class 32 (pretrain 5290): AUROC=0.777, AP=0.073, positives=120.0
Class 33 (pretrain 8987): AUROC=0.804, AP=0.122, positives=38.0
Class 34 (pretrain 8249): AUROC=0.876, AP=0.357, positives=87.0
Class 35 (pretrain 2177): AUROC=0.673, AP=0.030, positives=39.0
Class 36 (pretrain 4847): AUROC=0.562, AP=0.007, positives=26.0
Class 37 (pretrain 11860): AUROC=0.874, AP=0.553, positives=761.0
Class 38 (pretrain 7803): AUROC=0.760, AP=0.000, positives=2.0
Class 39 (pretrain 4356): AUROC=0.251, AP=0.000, positives=4.0
Class 40 (pretrain 10408): AUROC=0.665, AP=0.002, positives=16.0
Class 41 (pretrain 10406): AUROC=0.606, AP=0.167, positives=3.0
Class 42 (pretrain 2368): AUROC=0.711, AP=0.002, positives=10.0
Class 43 (pretrain 2367): AUROC=0.710, AP=0.144, positives=46.0
Class 44 (pretrain 2108): AUROC=0.790, AP=0.043, positives=35.0
Class 45 (pretrain 3977): AUROC=0.774, AP=0.194, positives=11.0
Class 46 (pretrain 8048): AUROC=0.867, AP=0.508, positives=402.0
Class 47 (pretrain 8049): AUROC=0.934, AP=0.192, positives=53.0
Class 48 (pretrain 8043): AUROC=0.779, AP=0.031, positives=70.0
Class 49 (pretrain 1765): AUROC=0.790, AP=0.220, positives=121.0
Class 50 (pretrain 10463): AUROC=0.790, AP=0.131, positives=27.0
Class 51 (pretrain 471): AUROC=0.850, AP=0.542, positives=666.0
Class 52 (pretrain 1064): AUROC=0.942, AP=0.059, positives=6.0
Class 53 (pretrain 9372): AUROC=0.884, AP=0.195, positives=52.0
Class 54 (pretrain 12707): AUROC=0.768, AP=0.102, positives=22.0
Class 55 (pretrain 4021): AUROC=0.963, AP=0.041, positives=12.0
Class 56 (pretrain 4017): AUROC=0.830, AP=0.494, positives=341.0
Class 57 (pretrain 8643): AUROC=0.732, AP=0.156, positives=271.0
Class 58 (pretrain 4032): AUROC=0.685, AP=0.068, positives=224.0
Class 59 (pretrain 14529): AUROC=0.915, AP=0.575, positives=304.0
Class 60 (pretrain 14523): AUROC=0.492, AP=0.004, positives=65.0
Class 61 (pretrain 14527): AUROC=0.827, AP=0.443, positives=905.0
Class 62 (pretrain 4079): AUROC=0.964, AP=0.246, positives=32.0
Class 63 (pretrain 14494): AUROC=1.000, AP=1.000, positives=1.0
Class 64 (pretrain 10124): AUROC=0.746, AP=0.018, positives=76.0
Class 65 (pretrain 4063): AUROC=0.566, AP=0.016, positives=88.0
Class 66 (pretrain 1411): AUROC=0.066, AP=0.000, positives=1.0
Class 67 (pretrain 11734): AUROC=0.844, AP=0.333, positives=598.0
Class 68 (pretrain 8556): AUROC=0.513, AP=0.005, positives=87.0
Class 69 (pretrain 8569): AUROC=0.580, AP=0.015, positives=162.0
Class 70 (pretrain 8567): AUROC=0.607, AP=0.003, positives=14.0
Class 71 (pretrain 8576): AUROC=0.671, AP=0.051, positives=239.0
Class 72 (pretrain 8577): AUROC=0.755, AP=0.049, positives=94.0
Class 73 (pretrain 6572): AUROC=0.633, AP=0.007, positives=21.0
Class 74 (pretrain 13612): AUROC=0.608, AP=0.052, positives=370.0
Class 75 (pretrain 13626): AUROC=0.656, AP=0.000, positives=2.0
Class 76 (pretrain 13639): AUROC=0.704, AP=0.094, positives=245.0
Class 77 (pretrain 3886): AUROC=0.778, AP=0.139, positives=311.0
Class 78 (pretrain 13448): AUROC=0.835, AP=0.253, positives=185.0
Class 79 (pretrain 10128): AUROC=0.806, AP=0.220, positives=109.0
Class 80 (pretrain 2435): AUROC=0.636, AP=0.095, positives=785.0
Class 81 (pretrain 8537): AUROC=0.665, AP=0.147, positives=613.0
Class 82 (pretrain 331): AUROC=0.478, AP=0.022, positives=376.0
Class 83 (pretrain 5172): AUROC=0.400, AP=0.000, positives=4.0
Class 84 (pretrain 5171): AUROC=0.710, AP=0.401, positives=2278.0
Class 85 (pretrain 5175): AUROC=0.847, AP=0.451, positives=415.0
Class 86 (pretrain 3336): AUROC=0.523, AP=0.114, positives=21.0
Class 87 (pretrain 10492): AUROC=0.600, AP=0.035, positives=166.0
Class 88 (pretrain 14196): AUROC=0.166, AP=0.000, positives=1.0
Class 89 (pretrain 8457): AUROC=0.722, AP=0.052, positives=21.0
Class 90 (pretrain 9342): AUROC=0.459, AP=0.001, positives=9.0
Class 91 (pretrain 3492): AUROC=0.809, AP=0.205, positives=74.0
Class 92 (pretrain 5982): AUROC=0.667, AP=0.007, positives=60.0
Class 93 (pretrain 10847): AUROC=0.986, AP=0.010, positives=2.0
Class 94 (pretrain 13808): AUROC=0.710, AP=0.024, positives=123.0
Class 95 (pretrain 13811): AUROC=0.402, AP=0.000, positives=2.0
Class 96 (pretrain 10602): AUROC=0.737, AP=0.020, positives=127.0
Class 97 (pretrain 10606): AUROC=0.661, AP=0.003, positives=26.0
Class 98 (pretrain 6915): AUROC=0.825, AP=0.000, positives=1.0
Class 99 (pretrain 6922): AUROC=0.806, AP=0.524, positives=1688.0
Class 100 (pretrain 8495): AUROC=0.870, AP=0.019, positives=2.0
Class 101 (pretrain 7738): AUROC=0.843, AP=0.011, positives=21.0
Class 102 (pretrain 12152): AUROC=0.627, AP=0.021, positives=33.0
Class 103 (pretrain 12673): AUROC=0.583, AP=0.007, positives=61.0
Class 104 (pretrain 8429): AUROC=0.929, AP=0.340, positives=100.0
Class 105 (pretrain 1369): AUROC=0.792, AP=0.016, positives=44.0
Class 106 (pretrain 1374): AUROC=0.209, AP=0.001, positives=22.0
Class 107 (pretrain 11812): AUROC=0.619, AP=0.062, positives=246.0
Class 108 (pretrain 7213): AUROC=0.907, AP=0.724, positives=1046.0
Class 109 (pretrain 3280): AUROC=0.875, AP=0.367, positives=53.0
Class 110 (pretrain 10478): AUROC=0.583, AP=0.001, positives=5.0
Class 111 (pretrain 9233): AUROC=0.648, AP=0.000, positives=1.0
Class 112 (pretrain 6833): AUROC=0.778, AP=0.078, positives=34.0
Class 113 (pretrain 9564): AUROC=0.935, AP=0.586, positives=655.0
Class 114 (pretrain 9561): AUROC=0.535, AP=0.004, positives=66.0
Class 115 (pretrain 9574): AUROC=0.899, AP=0.430, positives=732.0
Class 116 (pretrain 2151): AUROC=0.845, AP=0.630, positives=2015.0
Class 117 (pretrain 2168): AUROC=0.743, AP=0.372, positives=1487.0
Class 118 (pretrain 3924): AUROC=0.741, AP=0.001, positives=10.0
Class 119 (pretrain 14097): AUROC=0.722, AP=0.100, positives=446.0
Class 120 (pretrain 14070): AUROC=0.929, AP=0.128, positives=233.0
Class 121 (pretrain 14094): AUROC=0.786, AP=0.698, positives=6167.0
Class 122 (pretrain 4958): AUROC=0.658, AP=0.001, positives=12.0
Class 123 (pretrain 11226): AUROC=0.828, AP=0.473, positives=501.0
Class 124 (pretrain 11228): AUROC=0.914, AP=0.090, positives=14.0
Class 125 (pretrain 1926): AUROC=0.516, AP=0.034, positives=183.0
Class 126 (pretrain 1918): AUROC=0.880, AP=0.089, positives=39.0
Class 127 (pretrain 5791): AUROC=0.242, AP=0.000, positives=2.0
Class 128 (pretrain 3834): AUROC=0.841, AP=0.560, positives=584.0
Class 129 (pretrain 12257): AUROC=0.798, AP=0.046, positives=160.0
Class 130 (pretrain 12262): AUROC=0.677, AP=0.134, positives=280.0
Class 131 (pretrain 13392): AUROC=0.910, AP=0.177, positives=207.0
Spatiotemporally-aware scores: {'macro_auroc': np.float64(0.7310393721901158), 'cmap': np.float64(0.16762299884899026), 'micro_auroc': 0.8041782652646978, 'micro_map': 0.19748433695426887, 'auroc_per_class': [0.8235462871014013, 0.8199606466351881, 0.7227982022805779, 0.7990047043868919, 0.7881507689468091, 0.6605910837569752, 0.7120675580266526, 0.6530760080450808, 0.9987344494441504, 0.9675421766457163, 0.8821703628319739, 0.7216378911159621, 0.9922919147809978, 0.9177264216595971, 0.8201513074288754, 0.8910936386046053, 0.9309763196189971, 0.5563014242230311, 0.7817630028115123, 0.7590054297444047, 0.8684930901050304, 0.6794156307972176, 0.8158033038524688, 0.9737504692741104, 0.9046933646594058, 0.5462247065265133, 0.7077789214371724, 0.32978381343269464, 0.6627680605384489, 0.9851842053045835, 0.24995038369939138, 0.8905654815679163, 0.7768608333333333, 0.8036645286469057, 0.8760909906252222, 0.6733536339663254, 0.562239453272314, 0.8739147150152569, 0.7599550205053578, 0.2506615506747817, 0.6646583686440679, 0.6058300809243455, 0.7108603573792192, 0.709606520873834, 0.7900336190160518, 0.7741743331788999, 0.8668490000060844, 0.9344024364129528, 0.7793402942572377, 0.789887369901795, 0.7897455528807811, 0.8496773028736498, 0.941797891579551, 0.8835114149190336, 0.7681571309866448, 0.9628508075191952, 0.8304098765804455, 0.7320753394751942, 0.6850182095864661, 0.9147092492469023, 0.4924354290677771, 0.8273875351498204, 0.9642948866648993, 1.0, 0.74591855119719, 0.5658776428467753, 0.06647265030756, 0.8441297001113292, 0.5131492326078031, 0.5795007915166581, 0.6073840101378828, 0.6709021275901791, 0.7548950613263251, 0.6328895953374396, 0.6082851122308749, 0.6561053049345151, 0.7044439718744642, 0.7776317477921981, 0.8346336828961537, 0.8064196347754767, 0.6358904200889098, 0.6651514130940444, 0.47808998756075316, 0.3999569992061392, 0.7098784285649631, 0.8465198707103151, 0.5234310692288042, 0.6002342927950938, 0.16634698062041142, 0.7223909498894597, 0.45875337318656756, 0.808661546033605, 0.6665017706949978, 0.9863407858182299, 0.710258582881888, 0.40164042862812543, 0.7373162593987431, 0.6607261163376176, 0.8247899993385805, 0.8058431146247625, 0.8703862944833973, 0.8426827383711947, 0.6266352127358292, 0.5830204474422462, 0.9291195073235686, 0.7915440555729758, 0.20877238406050172, 0.6190054725274965, 0.9065156421221781, 0.8747293535416023, 0.5828514720476348, 0.6483894437462795, 0.7778345329912423, 0.9353667051028675, 0.5346097483403183, 0.8985281640286152, 0.8451096743898063, 0.7431580309872534, 0.7414559894109861, 0.7224212496279376, 0.9294874031004958, 0.7861479324011049, 0.6580288588827111, 0.828228896881659, 0.9144805280777741, 0.5160195590148935, 0.8797110985294793, 0.24202936896414873, 0.8406499969843413, 0.7984370822192514, 0.6770025510204082, 0.9100217655315483], 'ap_per_class': [0.21255309126852737, 0.18524789326239496, 0.12765297786892843, 0.28270069848688917, 0.16455308258659837, 0.0747793537300961, 0.0022807211400209908, 0.06494837130797464, 0.467558879612451, 0.47017750506202916, 0.1291495273545381, 0.009976484945184912, 0.20535785601775514, 0.06864368631658835, 0.23467978611272264, 0.22093324905882278, 0.001395615144213565, 0.006303030001972769, 0.23450986114196762, 0.09527597701133028, 0.1164807444650945, 0.10587666276854706, 0.14472940124190273, 0.6932628657685991, 0.5403445351372079, 0.0010493940429171812, 0.3119511500284767, 0.0010629483238746402, 0.03705511360481436, 0.0044444444444444444, 0.0002105275795392874, 0.6368091557200041, 0.07272353898253675, 0.12211649628082116, 0.3571387684073258, 0.030351880818464894, 0.007255188922955739, 0.5532621743133926, 0.0004013515556633331, 0.0002112994013379197, 0.0016679411341377884, 0.16692961417882313, 0.002289881622657718, 0.14434547573981077, 0.04276054732736446, 0.1940378201492204, 0.5082067877894924, 0.1916781288555753, 0.031221698100458366, 0.2198500455094288, 0.13077525213714333, 0.5421881211639884, 0.05855391532336247, 0.1946849500395761, 0.10209666662860264, 0.04111498005074384, 0.4944331395172437, 0.15562755306185275, 0.06845454137734361, 0.5749038733574959, 0.004053103894051699, 0.4431687632431014, 0.24566367972005027, 1.0, 0.018473572536638137, 0.016079507267839254, 7.084661707403471e-05, 0.33289950735503343, 0.0054692201629811185, 0.015067975211296155, 0.002875049045763488, 0.05115315293990068, 0.0486466890179554, 0.007457062277543479, 0.052463382967000066, 0.0002855143923240938, 0.09390627487072514, 0.13920140891016727, 0.253325808509201, 0.22027000123654775, 0.09481622843909153, 0.1474704413804603, 0.021920214573518348, 0.0004629970065549101, 0.40068634412266624, 0.45106224086907964, 0.11429055743543504, 0.035271608099243686, 7.933359777865926e-05, 0.05174828320293232, 0.000598374357926644, 0.20467420004975004, 0.007171940176868551, 0.010432900432900433, 0.02371926038868435, 0.00020866195119413137, 0.01951873843782341, 0.0032879482020504603, 0.0003773584905660377, 0.5241158259246966, 0.019487442742062867, 0.011296252937906379, 0.021447023233854376, 0.007042141551715085, 0.3403914629585043, 0.015854019724214526, 0.0008891836082980666, 0.062244267427497654, 0.7244763925357615, 0.36655680902937493, 0.0008717814533394124, 0.0001880759826970096, 0.0782127783002834, 0.5857200360012343, 0.004476605976867375, 0.42955940333062514, 0.6295342480654087, 0.37213847264957145, 0.001366613873490916, 0.10031827837177906, 0.12771491442772617, 0.6981543246163245, 0.00137499093497029, 0.4729382133971972, 0.08977090959568888, 0.03439976673993939, 0.08886586648833548, 0.00012727592088810765, 0.5600225506908499, 0.04589313107413967, 0.13416986701454725, 0.17705254779396176], 'class_info': [{'class_idx': 0, 'pretrain_idx': 13748, 'n_positives': np.float32(15.0), 'auroc': 0.8235462871014013, 'ap': 0.21255309126852737}, {'class_idx': 1, 'pretrain_idx': 3711, 'n_positives': np.float32(728.0), 'auroc': 0.8199606466351881, 'ap': 0.18524789326239496}, {'class_idx': 2, 'pretrain_idx': 3720, 'n_positives': np.float32(950.0), 'auroc': 0.7227982022805779, 'ap': 0.12765297786892843}, {'class_idx': 3, 'pretrain_idx': 3724, 'n_positives': np.float32(667.0), 'auroc': 0.7990047043868919, 'ap': 0.28270069848688917}, {'class_idx': 4, 'pretrain_idx': 3706, 'n_positives': np.float32(109.0), 'auroc': 0.7881507689468091, 'ap': 0.16455308258659837}, {'class_idx': 5, 'pretrain_idx': 712, 'n_positives': np.float32(116.0), 'auroc': 0.6605910837569752, 'ap': 0.0747793537300961}, {'class_idx': 6, 'pretrain_idx': 9356, 'n_positives': np.float32(12.0), 'auroc': 0.7120675580266526, 'ap': 0.0022807211400209908}, {'class_idx': 7, 'pretrain_idx': 9864, 'n_positives': np.float32(71.0), 'auroc': 0.6530760080450808, 'ap': 0.06494837130797464}, {'class_idx': 8, 'pretrain_idx': 9049, 'n_positives': np.float32(8.0), 'auroc': 0.9987344494441504, 'ap': 0.467558879612451}, {'class_idx': 9, 'pretrain_idx': 8957, 'n_positives': np.float32(5.0), 'auroc': 0.9675421766457163, 'ap': 0.47017750506202916}, {'class_idx': 10, 'pretrain_idx': 13441, 'n_positives': np.float32(97.0), 'auroc': 0.8821703628319739, 'ap': 0.1291495273545381}, {'class_idx': 11, 'pretrain_idx': 10390, 'n_positives': np.float32(3.0), 'auroc': 0.7216378911159621, 'ap': 0.009976484945184912}, {'class_idx': 12, 'pretrain_idx': 9770, 'n_positives': np.float32(6.0), 'auroc': 0.9922919147809978, 'ap': 0.20535785601775514}, {'class_idx': 13, 'pretrain_idx': 9758, 'n_positives': np.float32(32.0), 'auroc': 0.9177264216595971, 'ap': 0.06864368631658835}, {'class_idx': 14, 'pretrain_idx': 9769, 'n_positives': np.float32(692.0), 'auroc': 0.8201513074288754, 'ap': 0.23467978611272264}, {'class_idx': 15, 'pretrain_idx': 9772, 'n_positives': np.float32(254.0), 'auroc': 0.8910936386046053, 'ap': 0.22093324905882278}, {'class_idx': 16, 'pretrain_idx': 3094, 'n_positives': np.float32(2.0), 'auroc': 0.9309763196189971, 'ap': 0.001395615144213565}, {'class_idx': 17, 'pretrain_idx': 5483, 'n_positives': np.float32(87.0), 'auroc': 0.5563014242230311, 'ap': 0.006303030001972769}, {'class_idx': 18, 'pretrain_idx': 7095, 'n_positives': np.float32(1181.0), 'auroc': 0.7817630028115123, 'ap': 0.23450986114196762}, {'class_idx': 19, 'pretrain_idx': 1050, 'n_positives': np.float32(18.0), 'auroc': 0.7590054297444047, 'ap': 0.09527597701133028}, {'class_idx': 20, 'pretrain_idx': 8001, 'n_positives': np.float32(45.0), 'auroc': 0.8684930901050304, 'ap': 0.1164807444650945}, {'class_idx': 21, 'pretrain_idx': 5545, 'n_positives': np.float32(173.0), 'auroc': 0.6794156307972176, 'ap': 0.10587666276854706}, {'class_idx': 22, 'pretrain_idx': 5537, 'n_positives': np.float32(59.0), 'auroc': 0.8158033038524688, 'ap': 0.14472940124190273}, {'class_idx': 23, 'pretrain_idx': 7760, 'n_positives': np.float32(87.0), 'auroc': 0.9737504692741104, 'ap': 0.6932628657685991}, {'class_idx': 24, 'pretrain_idx': 14012, 'n_positives': np.float32(303.0), 'auroc': 0.9046933646594058, 'ap': 0.5403445351372079}, {'class_idx': 25, 'pretrain_idx': 14021, 'n_positives': np.float32(11.0), 'auroc': 0.5462247065265133, 'ap': 0.0010493940429171812}, {'class_idx': 26, 'pretrain_idx': 14016, 'n_positives': np.float32(204.0), 'auroc': 0.7077789214371724, 'ap': 0.3119511500284767}, {'class_idx': 27, 'pretrain_idx': 14008, 'n_positives': np.float32(14.0), 'auroc': 0.32978381343269464, 'ap': 0.0010629483238746402}, {'class_idx': 28, 'pretrain_idx': 14006, 'n_positives': np.float32(282.0), 'auroc': 0.6627680605384489, 'ap': 0.03705511360481436}, {'class_idx': 29, 'pretrain_idx': 2685, 'n_positives': np.float32(1.0), 'auroc': 0.9851842053045835, 'ap': 0.0044444444444444444}, {'class_idx': 30, 'pretrain_idx': 7715, 'n_positives': np.float32(4.0), 'auroc': 0.24995038369939138, 'ap': 0.0002105275795392874}, {'class_idx': 31, 'pretrain_idx': 8235, 'n_positives': np.float32(789.0), 'auroc': 0.8905654815679163, 'ap': 0.6368091557200041}, {'class_idx': 32, 'pretrain_idx': 5290, 'n_positives': np.float32(120.0), 'auroc': 0.7768608333333333, 'ap': 0.07272353898253675}, {'class_idx': 33, 'pretrain_idx': 8987, 'n_positives': np.float32(38.0), 'auroc': 0.8036645286469057, 'ap': 0.12211649628082116}, {'class_idx': 34, 'pretrain_idx': 8249, 'n_positives': np.float32(87.0), 'auroc': 0.8760909906252222, 'ap': 0.3571387684073258}, {'class_idx': 35, 'pretrain_idx': 2177, 'n_positives': np.float32(39.0), 'auroc': 0.6733536339663254, 'ap': 0.030351880818464894}, {'class_idx': 36, 'pretrain_idx': 4847, 'n_positives': np.float32(26.0), 'auroc': 0.562239453272314, 'ap': 0.007255188922955739}, {'class_idx': 37, 'pretrain_idx': 11860, 'n_positives': np.float32(761.0), 'auroc': 0.8739147150152569, 'ap': 0.5532621743133926}, {'class_idx': 38, 'pretrain_idx': 7803, 'n_positives': np.float32(2.0), 'auroc': 0.7599550205053578, 'ap': 0.0004013515556633331}, {'class_idx': 39, 'pretrain_idx': 4356, 'n_positives': np.float32(4.0), 'auroc': 0.2506615506747817, 'ap': 0.0002112994013379197}, {'class_idx': 40, 'pretrain_idx': 10408, 'n_positives': np.float32(16.0), 'auroc': 0.6646583686440679, 'ap': 0.0016679411341377884}, {'class_idx': 41, 'pretrain_idx': 10406, 'n_positives': np.float32(3.0), 'auroc': 0.6058300809243455, 'ap': 0.16692961417882313}, {'class_idx': 42, 'pretrain_idx': 2368, 'n_positives': np.float32(10.0), 'auroc': 0.7108603573792192, 'ap': 0.002289881622657718}, {'class_idx': 43, 'pretrain_idx': 2367, 'n_positives': np.float32(46.0), 'auroc': 0.709606520873834, 'ap': 0.14434547573981077}, {'class_idx': 44, 'pretrain_idx': 2108, 'n_positives': np.float32(35.0), 'auroc': 0.7900336190160518, 'ap': 0.04276054732736446}, {'class_idx': 45, 'pretrain_idx': 3977, 'n_positives': np.float32(11.0), 'auroc': 0.7741743331788999, 'ap': 0.1940378201492204}, {'class_idx': 46, 'pretrain_idx': 8048, 'n_positives': np.float32(402.0), 'auroc': 0.8668490000060844, 'ap': 0.5082067877894924}, {'class_idx': 47, 'pretrain_idx': 8049, 'n_positives': np.float32(53.0), 'auroc': 0.9344024364129528, 'ap': 0.1916781288555753}, {'class_idx': 48, 'pretrain_idx': 8043, 'n_positives': np.float32(70.0), 'auroc': 0.7793402942572377, 'ap': 0.031221698100458366}, {'class_idx': 49, 'pretrain_idx': 1765, 'n_positives': np.float32(121.0), 'auroc': 0.789887369901795, 'ap': 0.2198500455094288}, {'class_idx': 50, 'pretrain_idx': 10463, 'n_positives': np.float32(27.0), 'auroc': 0.7897455528807811, 'ap': 0.13077525213714333}, {'class_idx': 51, 'pretrain_idx': 471, 'n_positives': np.float32(666.0), 'auroc': 0.8496773028736498, 'ap': 0.5421881211639884}, {'class_idx': 52, 'pretrain_idx': 1064, 'n_positives': np.float32(6.0), 'auroc': 0.941797891579551, 'ap': 0.05855391532336247}, {'class_idx': 53, 'pretrain_idx': 9372, 'n_positives': np.float32(52.0), 'auroc': 0.8835114149190336, 'ap': 0.1946849500395761}, {'class_idx': 54, 'pretrain_idx': 12707, 'n_positives': np.float32(22.0), 'auroc': 0.7681571309866448, 'ap': 0.10209666662860264}, {'class_idx': 55, 'pretrain_idx': 4021, 'n_positives': np.float32(12.0), 'auroc': 0.9628508075191952, 'ap': 0.04111498005074384}, {'class_idx': 56, 'pretrain_idx': 4017, 'n_positives': np.float32(341.0), 'auroc': 0.8304098765804455, 'ap': 0.4944331395172437}, {'class_idx': 57, 'pretrain_idx': 8643, 'n_positives': np.float32(271.0), 'auroc': 0.7320753394751942, 'ap': 0.15562755306185275}, {'class_idx': 58, 'pretrain_idx': 4032, 'n_positives': np.float32(224.0), 'auroc': 0.6850182095864661, 'ap': 0.06845454137734361}, {'class_idx': 59, 'pretrain_idx': 14529, 'n_positives': np.float32(304.0), 'auroc': 0.9147092492469023, 'ap': 0.5749038733574959}, {'class_idx': 60, 'pretrain_idx': 14523, 'n_positives': np.float32(65.0), 'auroc': 0.4924354290677771, 'ap': 0.004053103894051699}, {'class_idx': 61, 'pretrain_idx': 14527, 'n_positives': np.float32(905.0), 'auroc': 0.8273875351498204, 'ap': 0.4431687632431014}, {'class_idx': 62, 'pretrain_idx': 4079, 'n_positives': np.float32(32.0), 'auroc': 0.9642948866648993, 'ap': 0.24566367972005027}, {'class_idx': 63, 'pretrain_idx': 14494, 'n_positives': np.float32(1.0), 'auroc': 1.0, 'ap': 1.0}, {'class_idx': 64, 'pretrain_idx': 10124, 'n_positives': np.float32(76.0), 'auroc': 0.74591855119719, 'ap': 0.018473572536638137}, {'class_idx': 65, 'pretrain_idx': 4063, 'n_positives': np.float32(88.0), 'auroc': 0.5658776428467753, 'ap': 0.016079507267839254}, {'class_idx': 66, 'pretrain_idx': 1411, 'n_positives': np.float32(1.0), 'auroc': 0.06647265030756, 'ap': 7.084661707403471e-05}, {'class_idx': 67, 'pretrain_idx': 11734, 'n_positives': np.float32(598.0), 'auroc': 0.8441297001113292, 'ap': 0.33289950735503343}, {'class_idx': 68, 'pretrain_idx': 8556, 'n_positives': np.float32(87.0), 'auroc': 0.5131492326078031, 'ap': 0.0054692201629811185}, {'class_idx': 69, 'pretrain_idx': 8569, 'n_positives': np.float32(162.0), 'auroc': 0.5795007915166581, 'ap': 0.015067975211296155}, {'class_idx': 70, 'pretrain_idx': 8567, 'n_positives': np.float32(14.0), 'auroc': 0.6073840101378828, 'ap': 0.002875049045763488}, {'class_idx': 71, 'pretrain_idx': 8576, 'n_positives': np.float32(239.0), 'auroc': 0.6709021275901791, 'ap': 0.05115315293990068}, {'class_idx': 72, 'pretrain_idx': 8577, 'n_positives': np.float32(94.0), 'auroc': 0.7548950613263251, 'ap': 0.0486466890179554}, {'class_idx': 73, 'pretrain_idx': 6572, 'n_positives': np.float32(21.0), 'auroc': 0.6328895953374396, 'ap': 0.007457062277543479}, {'class_idx': 74, 'pretrain_idx': 13612, 'n_positives': np.float32(370.0), 'auroc': 0.6082851122308749, 'ap': 0.052463382967000066}, {'class_idx': 75, 'pretrain_idx': 13626, 'n_positives': np.float32(2.0), 'auroc': 0.6561053049345151, 'ap': 0.0002855143923240938}, {'class_idx': 76, 'pretrain_idx': 13639, 'n_positives': np.float32(245.0), 'auroc': 0.7044439718744642, 'ap': 0.09390627487072514}, {'class_idx': 77, 'pretrain_idx': 3886, 'n_positives': np.float32(311.0), 'auroc': 0.7776317477921981, 'ap': 0.13920140891016727}, {'class_idx': 78, 'pretrain_idx': 13448, 'n_positives': np.float32(185.0), 'auroc': 0.8346336828961537, 'ap': 0.253325808509201}, {'class_idx': 79, 'pretrain_idx': 10128, 'n_positives': np.float32(109.0), 'auroc': 0.8064196347754767, 'ap': 0.22027000123654775}, {'class_idx': 80, 'pretrain_idx': 2435, 'n_positives': np.float32(785.0), 'auroc': 0.6358904200889098, 'ap': 0.09481622843909153}, {'class_idx': 81, 'pretrain_idx': 8537, 'n_positives': np.float32(613.0), 'auroc': 0.6651514130940444, 'ap': 0.1474704413804603}, {'class_idx': 82, 'pretrain_idx': 331, 'n_positives': np.float32(376.0), 'auroc': 0.47808998756075316, 'ap': 0.021920214573518348}, {'class_idx': 83, 'pretrain_idx': 5172, 'n_positives': np.float32(4.0), 'auroc': 0.3999569992061392, 'ap': 0.0004629970065549101}, {'class_idx': 84, 'pretrain_idx': 5171, 'n_positives': np.float32(2278.0), 'auroc': 0.7098784285649631, 'ap': 0.40068634412266624}, {'class_idx': 85, 'pretrain_idx': 5175, 'n_positives': np.float32(415.0), 'auroc': 0.8465198707103151, 'ap': 0.45106224086907964}, {'class_idx': 86, 'pretrain_idx': 3336, 'n_positives': np.float32(21.0), 'auroc': 0.5234310692288042, 'ap': 0.11429055743543504}, {'class_idx': 87, 'pretrain_idx': 10492, 'n_positives': np.float32(166.0), 'auroc': 0.6002342927950938, 'ap': 0.035271608099243686}, {'class_idx': 88, 'pretrain_idx': 14196, 'n_positives': np.float32(1.0), 'auroc': 0.16634698062041142, 'ap': 7.933359777865926e-05}, {'class_idx': 89, 'pretrain_idx': 8457, 'n_positives': np.float32(21.0), 'auroc': 0.7223909498894597, 'ap': 0.05174828320293232}, {'class_idx': 90, 'pretrain_idx': 9342, 'n_positives': np.float32(9.0), 'auroc': 0.45875337318656756, 'ap': 0.000598374357926644}, {'class_idx': 91, 'pretrain_idx': 3492, 'n_positives': np.float32(74.0), 'auroc': 0.808661546033605, 'ap': 0.20467420004975004}, {'class_idx': 92, 'pretrain_idx': 5982, 'n_positives': np.float32(60.0), 'auroc': 0.6665017706949978, 'ap': 0.007171940176868551}, {'class_idx': 93, 'pretrain_idx': 10847, 'n_positives': np.float32(2.0), 'auroc': 0.9863407858182299, 'ap': 0.010432900432900433}, {'class_idx': 94, 'pretrain_idx': 13808, 'n_positives': np.float32(123.0), 'auroc': 0.710258582881888, 'ap': 0.02371926038868435}, {'class_idx': 95, 'pretrain_idx': 13811, 'n_positives': np.float32(2.0), 'auroc': 0.40164042862812543, 'ap': 0.00020866195119413137}, {'class_idx': 96, 'pretrain_idx': 10602, 'n_positives': np.float32(127.0), 'auroc': 0.7373162593987431, 'ap': 0.01951873843782341}, {'class_idx': 97, 'pretrain_idx': 10606, 'n_positives': np.float32(26.0), 'auroc': 0.6607261163376176, 'ap': 0.0032879482020504603}, {'class_idx': 98, 'pretrain_idx': 6915, 'n_positives': np.float32(1.0), 'auroc': 0.8247899993385805, 'ap': 0.0003773584905660377}, {'class_idx': 99, 'pretrain_idx': 6922, 'n_positives': np.float32(1688.0), 'auroc': 0.8058431146247625, 'ap': 0.5241158259246966}, {'class_idx': 100, 'pretrain_idx': 8495, 'n_positives': np.float32(2.0), 'auroc': 0.8703862944833973, 'ap': 0.019487442742062867}, {'class_idx': 101, 'pretrain_idx': 7738, 'n_positives': np.float32(21.0), 'auroc': 0.8426827383711947, 'ap': 0.011296252937906379}, {'class_idx': 102, 'pretrain_idx': 12152, 'n_positives': np.float32(33.0), 'auroc': 0.6266352127358292, 'ap': 0.021447023233854376}, {'class_idx': 103, 'pretrain_idx': 12673, 'n_positives': np.float32(61.0), 'auroc': 0.5830204474422462, 'ap': 0.007042141551715085}, {'class_idx': 104, 'pretrain_idx': 8429, 'n_positives': np.float32(100.0), 'auroc': 0.9291195073235686, 'ap': 0.3403914629585043}, {'class_idx': 105, 'pretrain_idx': 1369, 'n_positives': np.float32(44.0), 'auroc': 0.7915440555729758, 'ap': 0.015854019724214526}, {'class_idx': 106, 'pretrain_idx': 1374, 'n_positives': np.float32(22.0), 'auroc': 0.20877238406050172, 'ap': 0.0008891836082980666}, {'class_idx': 107, 'pretrain_idx': 11812, 'n_positives': np.float32(246.0), 'auroc': 0.6190054725274965, 'ap': 0.062244267427497654}, {'class_idx': 108, 'pretrain_idx': 7213, 'n_positives': np.float32(1046.0), 'auroc': 0.9065156421221781, 'ap': 0.7244763925357615}, {'class_idx': 109, 'pretrain_idx': 3280, 'n_positives': np.float32(53.0), 'auroc': 0.8747293535416023, 'ap': 0.36655680902937493}, {'class_idx': 110, 'pretrain_idx': 10478, 'n_positives': np.float32(5.0), 'auroc': 0.5828514720476348, 'ap': 0.0008717814533394124}, {'class_idx': 111, 'pretrain_idx': 9233, 'n_positives': np.float32(1.0), 'auroc': 0.6483894437462795, 'ap': 0.0001880759826970096}, {'class_idx': 112, 'pretrain_idx': 6833, 'n_positives': np.float32(34.0), 'auroc': 0.7778345329912423, 'ap': 0.0782127783002834}, {'class_idx': 113, 'pretrain_idx': 9564, 'n_positives': np.float32(655.0), 'auroc': 0.9353667051028675, 'ap': 0.5857200360012343}, {'class_idx': 114, 'pretrain_idx': 9561, 'n_positives': np.float32(66.0), 'auroc': 0.5346097483403183, 'ap': 0.004476605976867375}, {'class_idx': 115, 'pretrain_idx': 9574, 'n_positives': np.float32(732.0), 'auroc': 0.8985281640286152, 'ap': 0.42955940333062514}, {'class_idx': 116, 'pretrain_idx': 2151, 'n_positives': np.float32(2015.0), 'auroc': 0.8451096743898063, 'ap': 0.6295342480654087}, {'class_idx': 117, 'pretrain_idx': 2168, 'n_positives': np.float32(1487.0), 'auroc': 0.7431580309872534, 'ap': 0.37213847264957145}, {'class_idx': 118, 'pretrain_idx': 3924, 'n_positives': np.float32(10.0), 'auroc': 0.7414559894109861, 'ap': 0.001366613873490916}, {'class_idx': 119, 'pretrain_idx': 14097, 'n_positives': np.float32(446.0), 'auroc': 0.7224212496279376, 'ap': 0.10031827837177906}, {'class_idx': 120, 'pretrain_idx': 14070, 'n_positives': np.float32(233.0), 'auroc': 0.9294874031004958, 'ap': 0.12771491442772617}, {'class_idx': 121, 'pretrain_idx': 14094, 'n_positives': np.float32(6167.0), 'auroc': 0.7861479324011049, 'ap': 0.6981543246163245}, {'class_idx': 122, 'pretrain_idx': 4958, 'n_positives': np.float32(12.0), 'auroc': 0.6580288588827111, 'ap': 0.00137499093497029}, {'class_idx': 123, 'pretrain_idx': 11226, 'n_positives': np.float32(501.0), 'auroc': 0.828228896881659, 'ap': 0.4729382133971972}, {'class_idx': 124, 'pretrain_idx': 11228, 'n_positives': np.float32(14.0), 'auroc': 0.9144805280777741, 'ap': 0.08977090959568888}, {'class_idx': 125, 'pretrain_idx': 1926, 'n_positives': np.float32(183.0), 'auroc': 0.5160195590148935, 'ap': 0.03439976673993939}, {'class_idx': 126, 'pretrain_idx': 1918, 'n_positives': np.float32(39.0), 'auroc': 0.8797110985294793, 'ap': 0.08886586648833548}, {'class_idx': 127, 'pretrain_idx': 5791, 'n_positives': np.float32(2.0), 'auroc': 0.24202936896414873, 'ap': 0.00012727592088810765}, {'class_idx': 128, 'pretrain_idx': 3834, 'n_positives': np.float32(584.0), 'auroc': 0.8406499969843413, 'ap': 0.5600225506908499}, {'class_idx': 129, 'pretrain_idx': 12257, 'n_positives': np.float32(160.0), 'auroc': 0.7984370822192514, 'ap': 0.04589313107413967}, {'class_idx': 130, 'pretrain_idx': 12262, 'n_positives': np.float32(280.0), 'auroc': 0.6770025510204082, 'ap': 0.13416986701454725}, {'class_idx': 131, 'pretrain_idx': 13392, 'n_positives': np.float32(207.0), 'auroc': 0.9100217655315483, 'ap': 0.17705254779396176}], 'n_valid_classes': 132, 'all_probs': array([[0.49306545, 0.57799214, 0.9233922 , ..., 0.1433032 , 0.26260674,
        0.26719004],
       [0.42875785, 0.6645565 , 0.9561961 , ..., 0.74804634, 0.6724606 ,
        0.08031887],
       [0.24681053, 0.4020453 , 0.95488495, ..., 0.31090382, 0.72793394,
        0.13693132],
       ...,
       [0.7685914 , 0.98953307, 0.97346604, ..., 0.24453059, 0.5406527 ,
        0.611956  ],
       [0.4658922 , 0.91494715, 0.9158597 , ..., 0.23489772, 0.39825553,
        0.73824483],
       [0.79480785, 0.99736124, 0.9850605 , ..., 0.6079026 , 0.34593636,
        0.23543145]], dtype=float32), 'all_labels': array([[0., 0., 0., ..., 0., 0., 0.],
       [0., 0., 0., ..., 0., 0., 0.],
       [0., 0., 0., ..., 0., 0., 0.],
       ...,
       [0., 0., 0., ..., 0., 0., 0.],
       [0., 0., 0., ..., 0., 0., 0.],
       [0., 0., 0., ..., 0., 0., 0.]], dtype=float32)}
Audio-only macro scores: AUROC 0.7342513233532568 cmAP 0.17550819621153071
Spatiotemporally-aware macro scores: AUROC 0.7310393721901158 cmAP: 0.16762299884899026
PER
10
