ExplicitMaxout parameters: 454,829,040
ExplicitMaxout parameters: 606,425,072
['0', '1', '2', '3', '4', '5', '6', '7', '8', '9']
['gretin1', 'cintin1', 'littin1', 'undtin1', 'bartin2', 'horscr1', 'specha3', 'spigua1', 'stwqua1', 'compot1']
[13748, 3711, 3720, 3724, 3706, 712, 9356, 9864, 9049, 8957, 13441, 10390, 9770, 9758, 9769, 9772, 3094, 5483, 7095, 1050, 8001, 5545, 5537, 7760, 14012, 14021, 14016, 14008, 14006, 2685, 7715, 8235, 5290, 8987, 8249, 2177, 4847, 11860, 7803, 4356, 10408, 10406, 2368, 2367, 2108, 3977, 8048, 8049, 8043, 1765, 10463, 471, 1064, 9372, 12707, 4021, 4017, 8643, 4032, 14529, 14523, 14527, 4079, 14494, 10124, 4063, 1411, 11734, 8556, 8569, 8567, 8576, 8577, 6572, 13612, 13626, 13639, 3886, 13448, 10128, 2435, 8537, 331, 5172, 5171, 5175, 3336, 10492, 14196, 8457, 9342, 3492, 5982, 10847, 13808, 13811, 10602, 10606, 6915, 6922, 8495, 7738, 12152, 12673, 8429, 1369, 1374, 11812, 7213, 3280, 10478, 9233, 6833, 9564, 9561, 9574, 2151, 2168, 3924, 14097, 14070, 14094, 4958, 11226, 11228, 1926, 1918, 5791, 3834, 12257, 12262, 13392]
(15120, 165)
[[[84, 61, 121], [26, 18, 81], [31, 119], [99, 116, 113], [4], [], [121], [18, 82, 121, 116], [1, 117, 81, 51], [84, 121, 85], [74, 108, 116, 37], [121, 116], [], [61, 99, 113], [108], [121, 59], [46, 121, 99, 116], [1, 121], [], [121], [], [], [84, 121, 123], [79, 18, 82, 51], [56], [85], [61, 121, 99, 116], [117, 84, 59], [14, 76, 91], [119, 99, 123], [61, 56, 121, 99], [115, 108, 80], [1, 18], [67, 57], [34, 115, 116, 87], [117, 84, 121], [77, 121, 99, 81], [123, 113], [121, 5, 51], [121], [3], [117, 116], [116], [], [80, 121, 99, 123, 108], [115, 74, 14, 24, 84, 67, 71, 121, 131], [], [47, 121], [31, 84, 121, 116], [117, 121], [], [84, 115, 40, 80], [121, 15, 14, 107, 28, 74, 67, 115], [81, 108, 37], [26], [2], [4], [117, 14, 92], [84, 49, 18, 121, 116], [105, 120], [], [], [115, 121], [28, 14, 107, 123], [34], [31], [], [117, 81], [58, 128, 56, 121], [108, 116], [84, 28, 121], [61, 121], [24, 71, 121], [], [121], [17, 130, 117], [2], [74, 80, 108, 116, 37], [35, 117, 1], [81, 85, 18], [128, 117, 125, 116, 37], [31, 96, 99], [61, 99], [], [84], [115, 77, 99], [117, 18, 82, 81, 85], [117, 59, 67], [82, 20], [61, 121], [121, 116], [3, 123, 121], [128, 121, 116, 87], [121, 99, 67], [65, 115, 121, 14, 69, 123, 116, 94], [130], [101, 119, 130, 123], [128, 117, 123, 108], [80, 2, 116, 40], [57, 116], [121], [61, 121], [117, 84, 49, 18], [121, 81], [128, 117, 116], [1, 121, 113, 3, 18, 65], [121, 59], [64, 80, 121, 99, 37], [31], [115, 96, 121, 69], [117, 18, 82, 81, 14, 85], [46, 121, 2, 99, 123], [1, 57], [46, 121, 116], [1, 121, 18], [61, 77, 2, 99, 116], [18, 121, 81, 14, 53, 85, 116], [121], [23], [46, 121, 71, 99], [117, 121], [121], [35], [115, 77, 121, 99], [1, 84], [96, 81, 15], [121], [121]], [[84, 121], [121, 51, 59], [121, 99, 67, 116], [], [46, 61, 2, 99], [121, 99, 7], [117, 121, 81, 116], [84, 121], [31, 119, 129], [123], [], [61, 51], [31, 61, 116], [84, 24, 121, 131], [128, 54, 108, 116], [31, 46, 99, 81], [84, 61, 121], [31, 84, 80], [57, 67], [10, 116], [18, 121], [18, 78, 116], [28, 71, 69, 67], [37, 107, 115, 121, 80], [79, 80, 37], [121, 99], [121], [1, 129], [77], [14, 123], [121, 51], [128, 117, 121, 15, 108, 37], [], [121], [121], [121, 57, 116, 76], [], [119, 130], [104, 77, 121, 99, 69], [84, 18], [84, 121, 2, 81, 15], [46, 99, 67], [31, 121], [28, 115, 121, 94], [117, 82, 59], [17], [], [121], [121, 2, 99], [121, 59], [14, 108, 37], [67, 79, 61], [121], [14, 108, 87], [60, 99, 3, 113], [121], [71, 99, 67, 116], [46, 2, 99], [2], [31, 119, 61], [117, 121, 116], [108, 106], [58, 128, 120], [117, 121, 81], [46, 84, 28, 116], [114, 108], [84, 77, 121, 116], [21, 105], [61, 77], [121, 14, 59], [48, 57, 119], [128, 56, 121], [109, 125, 121], [31, 61], [24, 18, 2, 116, 84, 67, 121], [130], [46, 71, 99, 76, 69, 67], [108], [60], [40, 115, 108, 121], [130, 10, 37], [115, 121, 99], [21, 121], [84, 104, 121, 99, 116, 3], [31, 121, 33], [84, 80, 121, 2], [84, 91], [121], [79, 18, 72, 67], [112, 72, 121, 99], [1, 68, 79], [3], [80, 108, 37], [108, 114, 116, 84, 80, 106], [80], [56, 121], [61, 113], [21, 77, 56], [49, 121, 51, 116], [121], [108], [1, 99, 116], [121, 59], [], [117, 121], [18, 24, 121, 67, 131, 57, 45], [117, 121], [31, 119], [121, 14, 59, 116], [56], [84, 19], [14, 115, 116, 121], [128, 121], [], [119, 32, 99], [3, 113, 18], [78], [2], [84, 18, 116], [128, 4], [], [56, 121], [], [121, 71], [], [121, 115, 107, 37], [1], [4]], [[], [121, 2], [121, 71], [1], [115, 77, 69, 3], [], [58, 33, 120], [26, 84, 24, 82, 14], [121], [31, 121], [128, 121], [130], [56], [119, 32, 99], [26, 121, 67], [80, 76], [79, 18, 82, 51], [28, 80], [84, 115, 121, 36, 94], [1, 113, 18], [2], [18, 82, 121, 85], [1, 117, 116], [121], [109, 117, 121], [121, 81, 116], [77, 2, 99, 116], [108], [123], [31], [26, 117, 18], [34, 121], [117, 121], [117, 84, 121, 116], [121, 43], [31, 119, 129], [74, 87, 67, 121], [26, 117, 18, 121, 67], [31, 26, 117, 61, 67], [1, 121], [], [84, 108, 97], [62], [2], [120], [121], [], [61], [], [46, 32, 115, 121, 99, 116], [121], [56], [121, 71, 99], [121, 99, 116], [121, 115, 37], [58, 121, 2, 125], [31, 26, 117, 61, 82, 59, 67], [130, 10, 116, 90], [1, 121], [121, 99], [18], [99, 81], [56], [84], [112, 121, 108, 87], [108, 35], [14, 116, 115, 121], [121, 125], [84, 107], [21, 4], [21, 46, 61, 121, 2, 99], [1, 80, 121, 14, 37], [117, 84, 61, 121, 51], [], [37, 115, 121], [2], [121], [117, 18, 59, 67, 116], [119, 99, 3, 113], [26, 67], [108, 84, 121], [3, 121], [18, 82, 121, 81], [31, 116], [121, 67, 116], [61, 1, 31, 18], [113, 68], [117, 131, 59], [115, 72, 99, 116, 3], [1, 113, 18], [1, 129, 5], [121], [31], [27, 77, 121], [108, 80, 114], [128, 117, 96, 81, 15], [72, 121, 2, 99], [1, 121], [119, 99, 3], [121], [31, 119, 84, 129], [84, 110, 121], [121, 116], [121], [], [84, 121, 99, 69], [116], [], [61, 121], [56], [121], [], [23], [108, 117], [117, 121, 116], [84, 51, 103], [121, 115, 37, 107, 74], [115, 121, 116, 94], [61, 121, 71, 99], [46, 80], [], [], [], [121, 116], [28, 121, 99, 3, 94], [121], [31, 61, 131], [128, 84, 121]], [[84, 18, 82, 85], [128, 56, 121], [], [31, 121, 6], [1, 84, 76], [119, 80, 121, 37], [18, 78], [13, 51], [74, 92], [121], [58, 4], [121], [119, 116, 3, 37], [], [18, 74, 24, 121, 131], [113, 3], [46, 121, 99, 81], [130, 10, 116, 3], [84, 67, 115, 24, 121, 131], [31, 57], [31, 26, 82], [], [], [131, 81], [18, 102, 130], [26, 84, 81], [113, 1, 18, 129], [], [47], [1, 56, 121, 5], [121], [108, 121, 116, 80, 84], [121, 15, 74, 67], [113], [31, 121], [1, 121, 51], [31, 2, 99], [1, 113, 18], [129, 3, 18], [121, 3], [84, 51], [121, 37, 115, 80, 61], [84, 82, 59, 116], [99], [121], [26, 117, 18, 82, 121, 59, 67, 92], [], [21, 4], [], [84, 18, 82], [49, 124, 99, 3], [58, 121], [123, 91, 3], [121, 99], [108, 121, 84], [31, 80, 2, 37], [121, 81, 116], [1, 18], [], [51, 85], [84, 18, 85, 15, 59, 67], [84, 1, 18, 43, 67], [84, 121, 81], [28, 115, 14], [31], [37, 115, 107, 121], [121, 15, 37], [80, 121, 108, 116, 37], [], [], [84, 49, 20], [31, 121, 2], [84], [2, 56], [121, 123, 94], [117, 57, 59, 67], [46, 61, 56, 71, 99], [121], [31, 121], [121], [58, 31, 120], [84, 49, 18], [128, 117, 116], [67], [121, 15, 74, 67, 28], [31, 61, 71], [121, 81], [58], [], [37], [], [56], [84, 18, 78], [37, 115, 121, 80], [56, 116], [61, 2], [23], [], [116, 80, 121], [80, 121], [31, 119, 84, 3], [117, 84], [130, 123], [121, 99, 67], [121, 116], [71, 99, 67], [], [21, 105, 121, 71], [61, 121, 99, 7], [117, 84, 121, 51], [84, 121], [116], [1, 60, 121], [121, 67], [117, 121], [121, 81, 37], [123, 3, 94], [84, 99], [108, 80, 74], [61, 121, 99, 116], [117, 121], [77, 121, 108], [31, 84, 1, 80, 121, 14, 37], [121, 115, 21, 108], [], [126, 109], [117, 14, 116], [77, 1]], [[77, 121, 2, 99, 116], [125, 81], [56], [2, 117, 89, 17], [84, 18, 121, 85], [121], [117, 84, 19, 85], [84], [84, 18, 82, 81, 14], [121, 99], [121, 67, 28], [121, 14, 1], [99, 123, 3, 113], [18, 82, 121, 81, 14, 85], [14, 123, 87, 94], [], [80, 121, 99, 123, 108], [14, 115, 116, 121], [84, 115, 108], [28, 115, 77, 99, 69, 94], [128, 50, 107], [51, 116], [121], [121], [23], [21], [18, 82, 121, 14, 116], [3, 123, 113, 121], [31, 119, 129, 3], [31, 121], [20], [74, 108, 37], [47, 57], [113], [128, 121, 71, 76], [121], [117, 79, 67], [119, 2, 99, 113], [99, 3, 113, 38], [121, 99, 116], [115, 77, 121, 99, 3], [84, 14, 74, 67, 115, 24, 121, 131], [37], [28, 80, 121, 14, 123, 116], [115, 121, 14, 116, 87], [121, 99, 116], [26, 117, 18, 51], [31, 123], [121, 115, 107], [121, 99, 123], [], [113], [18, 78, 81, 116], [84, 121, 2], [108, 37], [4], [115, 123, 116, 94], [99, 116, 113], [21, 121], [119, 130, 116], [2], [84, 18, 78], [], [], [], [84, 61, 2, 116, 37], [61, 115, 99], [128, 60, 121, 125], [14, 115, 116, 121], [117], [115, 77, 99], [61, 121], [], [61, 121, 99, 116], [56, 18, 85], [117, 84, 121, 81, 116], [84, 80, 2, 37], [31, 121], [74, 72, 116], [130, 126], [84, 108], [58, 121], [84, 123, 116], [58, 105, 120], [], [76, 37], [80, 116, 37], [61, 121, 99], [], [117, 82, 121], [], [99, 3, 113], [61, 121, 99], [74, 80, 92], [84, 121], [1, 121, 51], [61, 108], [113, 18, 3], [121], [84, 34, 115, 14, 108, 116], [130, 82, 85, 67], [46, 121], [121, 51, 81], [123, 121], [121], [113, 1, 68], [], [117, 84], [99, 123], [96, 54, 15], [], [121], [], [1, 84], [61], [18, 121, 85, 67], [121, 2], [84, 121], [56, 3], [], [80, 51, 91], [116], [31, 121], [117, 121], [121], [80, 121, 99], [121, 115, 107, 37], [76]], [[31, 119, 84], [121], [1, 113, 18], [23], [84, 64, 74, 91, 116], [37, 107, 121], [80, 107], [61], [23], [84, 15], [119, 2, 99, 113], [], [121, 74, 61, 57], [1, 121, 18, 51], [74, 108, 37], [108, 97], [1, 18], [115, 121, 116], [], [86, 61, 121], [115, 53, 121], [121], [], [59, 67], [18, 81], [61, 121, 99, 116, 3], [61, 74, 80, 91], [108], [77, 56], [123, 3], [84], [46, 121, 2, 99], [], [84, 108, 121, 122, 67], [121], [80, 2, 116], [80, 2, 76], [84, 24, 115, 14, 108], [84, 81], [84, 18, 78], [102, 121, 59], [18, 82, 121, 59], [31, 119, 3], [84, 18], [121], [121], [119, 130, 116, 3, 37], [61, 80, 121], [121, 116], [61, 67], [56], [126], [61, 121], [31, 3], [121, 51], [123, 3], [120], [31, 61], [61, 121, 99], [77], [84, 80, 76, 116], [117, 17], [31, 119], [31, 117, 84, 121, 108], [121], [], [], [77, 121, 99, 116], [], [46, 61, 121, 99], [130, 99, 3], [121, 2], [56, 57], [], [84], [121, 116], [], [117, 17], [84, 43], [121, 51], [31, 84, 1, 121, 37], [123, 129], [121, 2], [1, 121], [84, 121], [128, 117, 84, 116], [99, 14, 92], [1], [58, 60, 120], [], [121, 116], [121, 84, 113, 31, 18], [117, 84], [117, 61, 82, 76, 67], [121], [26, 56, 18, 121], [84, 28, 121, 107, 91], [130, 61, 123], [84], [113, 1, 129], [117, 84, 108], [], [77], [121, 116], [113, 68], [46, 61], [79, 74, 121, 116], [81, 37], [84, 121, 14, 59, 116], [24, 80, 121, 14, 123], [99, 69, 116], [117, 32, 82, 121, 131, 116], [117, 84, 18, 82, 85], [128, 102, 120], [26, 82, 59, 67], [74, 18, 121, 131], [121, 99, 116], [117, 51, 131, 59], [108, 84], [31, 121], [108, 97, 80], [46, 77, 121, 99, 116], [119, 113], [28, 121, 94], [46, 104, 115, 121, 99], [2, 116], [84, 77, 121], [18, 78]], [[80, 121, 116], [121], [31, 121, 2, 37], [121], [116, 58], [56], [121], [], [61, 56, 99], [84, 115, 121, 107, 44, 108], [31, 119, 129], [121, 99], [78, 81, 76], [121, 18, 108], [81, 116], [71, 99, 67], [], [121], [2], [61], [21, 4, 5], [], [23], [], [], [121, 15, 67, 107, 115], [46, 1, 99, 116], [115, 121, 99, 116], [2], [121], [61, 121], [121, 99], [], [84, 49, 121, 51, 116], [121, 2], [58, 56], [84], [2], [31, 121, 103], [84, 99, 15], [121, 67], [121, 116], [84, 1, 121, 14, 116, 37], [108, 37], [113, 1, 18, 3], [113, 68], [46, 115, 99, 116], [84, 64], [31, 121], [128, 125], [28, 80, 121, 2], [], [71], [46, 121, 2, 99, 81], [], [31, 121, 2, 71, 3], [18], [21, 4], [18, 24, 57, 121, 67], [], [99, 113], [121], [1, 113, 18], [50, 130, 10, 116, 3], [], [31, 61], [121, 15, 14, 67], [84, 74, 121, 51], [18, 116], [46], [], [117, 61, 76, 67], [58, 84, 121, 2], [18, 82, 121, 85], [31], [115, 108, 80, 84, 117], [117, 51, 85], [112, 115, 121, 107, 108], [84, 32, 49, 18, 82, 14, 116], [121, 51], [117, 121], [128, 121], [65, 115, 121, 108], [116], [99, 123, 116], [], [24, 18, 78], [121, 61], [128], [99, 108, 116], [], [], [49, 82, 121, 85], [84, 79, 99, 69], [84, 65, 107, 108], [99, 108], [116], [85, 51, 13], [37], [26, 82, 59, 116], [], [117, 121], [84, 121, 108, 116, 87], [121, 51], [], [31, 80, 2, 37], [121], [1, 80, 76], [], [61, 1, 99, 116], [1], [117, 35], [84, 108], [], [84, 77, 99, 116], [115, 57, 121], [2, 33], [], [], [71], [31, 119, 113], [117, 121, 51, 59], [117, 121], [84, 28, 2, 62], [128, 117, 15, 37], [121, 2], [31], [117, 84]], [[78, 99, 113], [2], [80, 2, 116], [61], [], [31, 84, 80, 116], [116], [117, 82, 59, 67], [58, 128, 84, 120], [128, 61, 121, 116], [128, 84, 96, 81, 15], [121, 76, 116], [128, 84, 15, 116], [77, 121, 2, 116], [], [28, 80, 107, 108], [128, 1], [], [108], [121], [121, 57], [61, 121, 99], [121, 123], [121, 51], [121], [121, 85], [48, 119], [], [128, 121, 125], [], [84, 121], [109, 89, 117], [121, 15], [56], [61, 56, 5, 51], [121, 99, 67], [108, 121], [31, 84, 121], [47, 121], [18, 59, 116], [121], [121], [74, 108, 37], [], [99], [121, 108, 116], [76, 18, 121, 80, 108], [], [], [61, 121], [], [121, 5, 51], [51, 85], [48], [], [18, 116, 35, 81], [113, 3, 121], [56], [], [117, 84, 59], [99, 116, 113], [], [14, 108], [121], [108], [28, 115, 121, 94], [117, 84, 18, 82, 51, 59], [31], [130, 123], [31, 121], [84, 51, 123], [76, 121], [123, 121], [108, 125, 121], [86, 116], [74, 108], [84, 18, 85], [24, 18, 121], [121, 2], [121], [121], [24, 18, 82, 121, 85], [80, 14, 37], [26, 117, 67], [117, 84, 116], [84, 51, 103], [], [31, 84, 121, 116, 37], [117, 37], [61, 113, 18], [], [84, 99, 116], [18, 82, 121, 85], [84, 19, 18, 85, 67], [], [], [31, 116], [117, 69], [18, 82, 121, 85], [1, 121], [], [3, 61, 129], [121, 15, 67, 107], [18, 82, 121, 85, 116], [121, 125], [121, 81], [128], [68, 99, 113], [61, 99, 116], [], [119, 117], [128, 121], [26, 117, 82, 51, 131], [21], [128, 84, 14, 125], [113, 1, 31, 18, 129, 84, 3], [51], [129, 3, 18], [46, 61], [77, 99], [121, 67, 61], [], [31, 80, 76], [], [61], [31, 121, 87], [84, 108, 121, 80], [31]], [[46, 121], [128], [14], [121, 2, 37], [116, 37], [31, 121, 99], [117, 18, 14], [119, 99, 14, 3, 113], [121, 123], [119, 130, 65, 116], [121], [121, 74, 57], [2], [1, 113, 18], [21], [121], [46, 121], [128], [31], [115, 121], [], [121], [124, 99, 113], [121], [28, 121, 3], [28, 76], [109, 49, 121, 51], [117, 121], [121], [21, 4], [96, 81, 37], [117, 56], [121], [84], [64, 74, 121, 99, 92], [74], [21, 4], [21], [77, 121], [113, 129, 84], [99], [53, 121], [84, 115, 18, 2, 24, 121], [129, 3, 18], [3, 18], [24, 18, 2, 74, 84, 67, 121], [31, 61, 116], [117, 14, 92], [121], [26, 59], [117, 84, 87], [3, 18], [117, 84, 121], [], [28, 80, 116], [117, 130], [128, 121, 2, 81, 15, 116], [128, 121], [99], [121], [48, 57, 119], [23], [115, 14, 116, 87], [84, 121, 116], [46, 115, 77, 121, 99, 116], [], [113, 84, 129, 18], [117, 84, 1, 15, 67, 116], [113, 123, 121, 65], [31, 121, 99], [3, 113, 18], [46, 61, 77, 121, 99, 81], [], [2], [121, 51], [61, 85], [61], [56, 2, 119], [20, 99], [26, 117, 18], [104, 121, 116, 87, 94], [119, 121], [108, 87], [121, 81, 14], [99, 123], [2, 121], [115, 108, 116, 87], [120], [51, 116], [], [121, 57], [31, 32, 130, 123, 10], [], [80, 108, 116], [121, 6], [128, 84, 81, 116, 37], [37], [84, 28, 80, 107], [18, 121], [], [47], [84, 77, 121, 99, 14, 15], [61, 121], [61, 99, 116], [3, 123, 65, 68, 121], [], [22, 23], [130], [121, 84], [84], [31, 121, 76, 116, 92, 37], [67], [117], [51], [22], [117], [117, 84], [117, 82, 121, 131, 59], [121, 76], [108], [117, 69], [], [61, 121], [84, 34, 115, 36, 3], [121], [84, 82, 121, 59, 67], [2, 99, 116], [121]], [[46, 61, 99], [18, 116], [60, 14, 125, 116], [84, 74, 121, 108], [116], [130, 117], [84, 96, 15], [121], [80], [84, 99], [128, 64, 81, 15], [61, 2, 99], [119, 10, 3, 37, 113], [], [84, 121, 99], [108, 121], [84, 115, 121, 108], [84, 72, 121, 99], [113, 3, 32], [51, 87, 103], [123, 121], [18, 121, 85], [31], [18, 82, 121, 85], [3], [18, 116], [130, 117], [], [128, 99, 81, 107, 15], [2], [115, 77, 121, 99], [18, 57, 121, 80], [80, 43, 108], [26, 18], [84, 67], [91], [121, 81], [128, 117, 84], [51], [84, 80, 121], [121, 6], [24, 57, 121], [84, 59, 67], [31, 119], [128, 117, 84, 121], [], [121, 99], [46, 121, 99], [26, 18, 15, 116], [74, 18, 24, 121, 131], [58, 84, 120], [84, 115, 121, 14, 108], [56], [21, 23], [128, 121], [81, 37], [121], [18, 74, 121, 131], [4, 120], [113, 1, 3, 129], [61, 104, 115], [99, 123, 116], [], [28, 108], [117, 59], [84, 115, 121], [121, 71, 125], [119, 78, 2, 113], [2], [84, 112, 121, 108, 87], [61, 99, 108, 116], [121, 116], [121, 5, 51], [2], [119, 10, 3, 37], [1, 84], [121, 51], [117, 84, 121], [61], [37, 121, 80, 107], [], [2, 119], [115, 77, 121, 99], [121, 116, 87], [113, 18], [128, 121], [119, 129, 37], [85, 76, 121], [31, 119, 84], [108, 116], [97, 117], [119, 124, 99], [61, 121, 99, 7], [99, 116], [123, 108], [74, 24, 57, 121, 67], [32, 61, 72, 99], [121, 5], [80, 37], [84, 121, 14, 116], [121], [31, 2], [31, 1, 121, 116, 37], [99, 122, 116], [121, 51], [121], [21], [72, 99, 116], [121], [46, 121], [121], [31, 61], [4], [117, 121], [121], [24, 121, 14, 59], [22], [], [119, 52, 123, 10, 3], [31, 3, 113], [19, 18, 85], [121, 2], [34], [31, 3, 113], [51, 130], [128, 117, 56, 121], [1], [84, 49, 121, 17, 116]]]

=== DATA SHAPE CHECK ===
Audio embeddings: (15120, 1536)
ST encodings: (15120, 165)
Labels multi-hot: (15120, 132)
(15120, 1536)
(15120, 165)
(15120, 132)
Dataset using numpy arrays
15120
Class 0 (pretrain 13748): AUROC=0.866, AP=0.269, positives=15.0
Class 1 (pretrain 3711): AUROC=0.819, AP=0.196, positives=728.0
Class 2 (pretrain 3720): AUROC=0.695, AP=0.111, positives=950.0
Class 3 (pretrain 3724): AUROC=0.804, AP=0.309, positives=667.0
Class 4 (pretrain 3706): AUROC=0.811, AP=0.181, positives=109.0
Class 5 (pretrain 712): AUROC=0.582, AP=0.044, positives=116.0
Class 6 (pretrain 9356): AUROC=0.826, AP=0.004, positives=12.0
Class 7 (pretrain 9864): AUROC=0.667, AP=0.079, positives=71.0
Class 8 (pretrain 9049): AUROC=0.963, AP=0.307, positives=8.0
Class 9 (pretrain 8957): AUROC=0.986, AP=0.625, positives=5.0
Class 10 (pretrain 13441): AUROC=0.764, AP=0.146, positives=97.0
Class 11 (pretrain 10390): AUROC=0.508, AP=0.005, positives=3.0
Class 12 (pretrain 9770): AUROC=0.992, AP=0.214, positives=6.0
Class 13 (pretrain 9758): AUROC=0.864, AP=0.060, positives=32.0
Class 14 (pretrain 9769): AUROC=0.780, AP=0.226, positives=692.0
Class 15 (pretrain 9772): AUROC=0.880, AP=0.251, positives=254.0
Class 16 (pretrain 3094): AUROC=0.939, AP=0.002, positives=2.0
Class 17 (pretrain 5483): AUROC=0.661, AP=0.008, positives=87.0
Class 18 (pretrain 7095): AUROC=0.802, AP=0.279, positives=1181.0
Class 19 (pretrain 1050): AUROC=0.598, AP=0.113, positives=18.0
Class 20 (pretrain 8001): AUROC=0.882, AP=0.127, positives=45.0
Class 21 (pretrain 5545): AUROC=0.622, AP=0.097, positives=173.0
Class 22 (pretrain 5537): AUROC=0.835, AP=0.135, positives=59.0
Class 23 (pretrain 7760): AUROC=0.971, AP=0.694, positives=87.0
Class 24 (pretrain 14012): AUROC=0.930, AP=0.651, positives=303.0
Class 25 (pretrain 14021): AUROC=0.667, AP=0.001, positives=11.0
Class 26 (pretrain 14016): AUROC=0.758, AP=0.315, positives=204.0
Class 27 (pretrain 14008): AUROC=0.448, AP=0.001, positives=14.0
Class 28 (pretrain 14006): AUROC=0.636, AP=0.036, positives=282.0
Class 29 (pretrain 2685): AUROC=0.958, AP=0.002, positives=1.0
Class 30 (pretrain 7715): AUROC=0.358, AP=0.000, positives=4.0
Class 31 (pretrain 8235): AUROC=0.858, AP=0.601, positives=789.0
Class 32 (pretrain 5290): AUROC=0.792, AP=0.135, positives=120.0
Class 33 (pretrain 8987): AUROC=0.800, AP=0.106, positives=38.0
Class 34 (pretrain 8249): AUROC=0.882, AP=0.386, positives=87.0
Class 35 (pretrain 2177): AUROC=0.675, AP=0.038, positives=39.0
Class 36 (pretrain 4847): AUROC=0.493, AP=0.005, positives=26.0
Class 37 (pretrain 11860): AUROC=0.851, AP=0.580, positives=761.0
Class 38 (pretrain 7803): AUROC=0.312, AP=0.000, positives=2.0
Class 39 (pretrain 4356): AUROC=0.365, AP=0.000, positives=4.0
Class 40 (pretrain 10408): AUROC=0.613, AP=0.001, positives=16.0
Class 41 (pretrain 10406): AUROC=0.524, AP=0.333, positives=3.0
Class 42 (pretrain 2368): AUROC=0.721, AP=0.002, positives=10.0
Class 43 (pretrain 2367): AUROC=0.689, AP=0.181, positives=46.0
Class 44 (pretrain 2108): AUROC=0.798, AP=0.041, positives=35.0
Class 45 (pretrain 3977): AUROC=0.553, AP=0.154, positives=11.0
Class 46 (pretrain 8048): AUROC=0.893, AP=0.559, positives=402.0
Class 47 (pretrain 8049): AUROC=0.917, AP=0.176, positives=53.0
Class 48 (pretrain 8043): AUROC=0.727, AP=0.047, positives=70.0
Class 49 (pretrain 1765): AUROC=0.774, AP=0.201, positives=121.0
Class 50 (pretrain 10463): AUROC=0.748, AP=0.115, positives=27.0
Class 51 (pretrain 471): AUROC=0.844, AP=0.518, positives=666.0
Class 52 (pretrain 1064): AUROC=0.584, AP=0.003, positives=6.0
Class 53 (pretrain 9372): AUROC=0.842, AP=0.128, positives=52.0
Class 54 (pretrain 12707): AUROC=0.816, AP=0.131, positives=22.0
Class 55 (pretrain 4021): AUROC=0.942, AP=0.183, positives=12.0
Class 56 (pretrain 4017): AUROC=0.817, AP=0.472, positives=341.0
Class 57 (pretrain 8643): AUROC=0.795, AP=0.230, positives=271.0
Class 58 (pretrain 4032): AUROC=0.696, AP=0.104, positives=224.0
Class 59 (pretrain 14529): AUROC=0.898, AP=0.581, positives=304.0
Class 60 (pretrain 14523): AUROC=0.453, AP=0.004, positives=65.0
Class 61 (pretrain 14527): AUROC=0.825, AP=0.484, positives=905.0
Class 62 (pretrain 4079): AUROC=0.951, AP=0.255, positives=32.0
Class 63 (pretrain 14494): AUROC=1.000, AP=1.000, positives=1.0
Class 64 (pretrain 10124): AUROC=0.717, AP=0.032, positives=76.0
Class 65 (pretrain 4063): AUROC=0.549, AP=0.027, positives=88.0
Class 66 (pretrain 1411): AUROC=0.027, AP=0.000, positives=1.0
Class 67 (pretrain 11734): AUROC=0.849, AP=0.400, positives=598.0
Class 68 (pretrain 8556): AUROC=0.599, AP=0.007, positives=87.0
Class 69 (pretrain 8569): AUROC=0.608, AP=0.021, positives=162.0
Class 70 (pretrain 8567): AUROC=0.546, AP=0.003, positives=14.0
Class 71 (pretrain 8576): AUROC=0.684, AP=0.060, positives=239.0
Class 72 (pretrain 8577): AUROC=0.792, AP=0.090, positives=94.0
Class 73 (pretrain 6572): AUROC=0.669, AP=0.010, positives=21.0
Class 74 (pretrain 13612): AUROC=0.614, AP=0.053, positives=370.0
Class 75 (pretrain 13626): AUROC=0.556, AP=0.000, positives=2.0
Class 76 (pretrain 13639): AUROC=0.704, AP=0.122, positives=245.0
Class 77 (pretrain 3886): AUROC=0.773, AP=0.158, positives=311.0
Class 78 (pretrain 13448): AUROC=0.842, AP=0.268, positives=185.0
Class 79 (pretrain 10128): AUROC=0.812, AP=0.216, positives=109.0
Class 80 (pretrain 2435): AUROC=0.642, AP=0.099, positives=785.0
Class 81 (pretrain 8537): AUROC=0.710, AP=0.231, positives=613.0
Class 82 (pretrain 331): AUROC=0.390, AP=0.018, positives=376.0
Class 83 (pretrain 5172): AUROC=0.197, AP=0.000, positives=4.0
Class 84 (pretrain 5171): AUROC=0.712, AP=0.425, positives=2278.0
Class 85 (pretrain 5175): AUROC=0.825, AP=0.474, positives=415.0
Class 86 (pretrain 3336): AUROC=0.433, AP=0.120, positives=21.0
Class 87 (pretrain 10492): AUROC=0.579, AP=0.063, positives=166.0
Class 88 (pretrain 14196): AUROC=0.010, AP=0.000, positives=1.0
Class 89 (pretrain 8457): AUROC=0.702, AP=0.052, positives=21.0
Class 90 (pretrain 9342): AUROC=0.541, AP=0.001, positives=9.0
Class 91 (pretrain 3492): AUROC=0.795, AP=0.314, positives=74.0
Class 92 (pretrain 5982): AUROC=0.736, AP=0.009, positives=60.0
Class 93 (pretrain 10847): AUROC=0.953, AP=0.002, positives=2.0
Class 94 (pretrain 13808): AUROC=0.683, AP=0.036, positives=123.0
Class 95 (pretrain 13811): AUROC=0.302, AP=0.000, positives=2.0
Class 96 (pretrain 10602): AUROC=0.792, AP=0.031, positives=127.0
Class 97 (pretrain 10606): AUROC=0.720, AP=0.004, positives=26.0
Class 98 (pretrain 6915): AUROC=0.969, AP=0.002, positives=1.0
Class 99 (pretrain 6922): AUROC=0.770, AP=0.519, positives=1688.0
Class 100 (pretrain 8495): AUROC=0.978, AP=0.023, positives=2.0
Class 101 (pretrain 7738): AUROC=0.330, AP=0.002, positives=21.0
Class 102 (pretrain 12152): AUROC=0.614, AP=0.043, positives=33.0
Class 103 (pretrain 12673): AUROC=0.583, AP=0.009, positives=61.0
Class 104 (pretrain 8429): AUROC=0.900, AP=0.424, positives=100.0
Class 105 (pretrain 1369): AUROC=0.796, AP=0.017, positives=44.0
Class 106 (pretrain 1374): AUROC=0.245, AP=0.001, positives=22.0
Class 107 (pretrain 11812): AUROC=0.710, AP=0.098, positives=246.0
Class 108 (pretrain 7213): AUROC=0.908, AP=0.724, positives=1046.0
Class 109 (pretrain 3280): AUROC=0.893, AP=0.441, positives=53.0
Class 110 (pretrain 10478): AUROC=0.755, AP=0.008, positives=5.0
Class 111 (pretrain 9233): AUROC=0.573, AP=0.000, positives=1.0
Class 112 (pretrain 6833): AUROC=0.773, AP=0.098, positives=34.0
Class 113 (pretrain 9564): AUROC=0.864, AP=0.552, positives=655.0
Class 114 (pretrain 9561): AUROC=0.438, AP=0.004, positives=66.0
Class 115 (pretrain 9574): AUROC=0.897, AP=0.509, positives=732.0
Class 116 (pretrain 2151): AUROC=0.848, AP=0.668, positives=2015.0
Class 117 (pretrain 2168): AUROC=0.721, AP=0.371, positives=1487.0
Class 118 (pretrain 3924): AUROC=0.743, AP=0.002, positives=10.0
Class 119 (pretrain 14097): AUROC=0.697, AP=0.116, positives=446.0
Class 120 (pretrain 14070): AUROC=0.935, AP=0.188, positives=233.0
Class 121 (pretrain 14094): AUROC=0.767, AP=0.682, positives=6167.0
Class 122 (pretrain 4958): AUROC=0.507, AP=0.001, positives=12.0
Class 123 (pretrain 11226): AUROC=0.817, AP=0.459, positives=501.0
Class 124 (pretrain 11228): AUROC=0.796, AP=0.177, positives=14.0
Class 125 (pretrain 1926): AUROC=0.591, AP=0.066, positives=183.0
Class 126 (pretrain 1918): AUROC=0.903, AP=0.106, positives=39.0
Class 127 (pretrain 5791): AUROC=0.222, AP=0.000, positives=2.0
Class 128 (pretrain 3834): AUROC=0.836, AP=0.570, positives=584.0
Class 129 (pretrain 12257): AUROC=0.690, AP=0.051, positives=160.0
Class 130 (pretrain 12262): AUROC=0.714, AP=0.134, positives=280.0
Class 131 (pretrain 13392): AUROC=0.897, AP=0.147, positives=207.0
Audio-only scores: {'macro_auroc': np.float64(0.7125971908381553), 'cmap': np.float64(0.18031660415210907), 'micro_auroc': 0.7886749790354352, 'micro_map': 0.20384164487768391, 'auroc_per_class': [0.8658898819375482, 0.8186166078224166, 0.6953601753147867, 0.8044486025167032, 0.8110303208839512, 0.5818040476562572, 0.825561512664372, 0.6670313595306973, 0.9631666887241926, 0.9863182269268939, 0.7641019165801439, 0.5081255099115786, 0.9919721229764897, 0.864165644883351, 0.7801007313973631, 0.88038789564731, 0.9394430480222251, 0.6611844746156157, 0.8016981757760422, 0.5981216615900763, 0.8818514833241202, 0.6222525756710319, 0.8346993413226889, 0.9708679219892481, 0.9300705126191906, 0.6674649065277168, 0.7582047702427712, 0.4478400257229861, 0.6358494434932735, 0.9576030160724915, 0.3583785392961101, 0.8584911559128159, 0.7923822222222221, 0.8002708003266354, 0.8818606728033576, 0.6754058001322771, 0.4929722457216826, 0.8513990639321202, 0.3122767561846805, 0.3646136544059275, 0.6129253840042374, 0.5244206301955855, 0.7214824619457313, 0.6889374736805672, 0.7977783038969648, 0.5525243834198762, 0.893431672997967, 0.9171499378248853, 0.7271324157570005, 0.7736543317763883, 0.7476681611048536, 0.8442955720352979, 0.583785452781086, 0.841910263217006, 0.815999108852467, 0.9416258494395905, 0.8167912423885917, 0.7952460674852558, 0.6957581493593678, 0.8979358419418553, 0.45253864036992564, 0.8253389637823247, 0.950919190747614, 1.0, 0.716778152507032, 0.5491942945957715, 0.027118195647860333, 0.8489850942336826, 0.5987211276953155, 0.608123321431696, 0.5463202890053148, 0.6837460028077702, 0.7919117501295626, 0.6694230775295745, 0.6139223087494273, 0.5561251488292103, 0.704400617389813, 0.7729632996706834, 0.841846560319945, 0.8118486809978493, 0.6416156172034506, 0.7100652652243823, 0.390039204552014, 0.19653016671077003, 0.711919374927446, 0.8245940443173578, 0.43281958124000647, 0.5794452384904067, 0.010252000793703253, 0.7019544025305997, 0.5414745696659534, 0.7947887738862085, 0.7360590969455512, 0.9530030427305198, 0.682537591529146, 0.3020240772588967, 0.7919275714493536, 0.7195115736257911, 0.9691778556782855, 0.7697222132052198, 0.9777086916258765, 0.3302867739585403, 0.6142615255759023, 0.5830433083423778, 0.8998402130492676, 0.7964675944909428, 0.24451462565782345, 0.7101588301078654, 0.9079542277353437, 0.8931151548241753, 0.7551042011247106, 0.5725246378728751, 0.7729156756166605, 0.863511978109836, 0.43814590705782414, 0.8974085778069459, 0.8480949157548829, 0.7207473203174918, 0.743282594308405, 0.6967625543119187, 0.9348395970675801, 0.7672184838717138, 0.5068010325655282, 0.8168252045058252, 0.7955826445499422, 0.591184614726112, 0.9027813907463799, 0.2218878158486572, 0.8360802136971223, 0.6896473930481284, 0.7135025991528687, 0.8972066973956193], 'ap_per_class': [0.2686637352040019, 0.19645164440897964, 0.11094539472053651, 0.3089239820925604, 0.1814828527287454, 0.044188227021661426, 0.0036276784479825127, 0.07889106121313846, 0.307477788644858, 0.6245204920422084, 0.14571022541407444, 0.004535019157627439, 0.21408075118343267, 0.05998728370221733, 0.2256163787651019, 0.2509211949497623, 0.0015926052174521062, 0.008309511316401496, 0.2787218923079445, 0.11312836400971461, 0.12698797455024993, 0.09716383267607175, 0.13462018672372533, 0.6936212201384422, 0.6506764342188417, 0.0013417632303005475, 0.3150516023710517, 0.0011588557297730073, 0.03609753854114637, 0.001557632398753894, 0.0002526587410489929, 0.6010226687475891, 0.13534159996964643, 0.10649531717602793, 0.3863361696397087, 0.03770613364927657, 0.005383847584837417, 0.5795120815104281, 0.00014962561882947748, 0.00024709872468719834, 0.0014254835838378895, 0.3334874135320456, 0.0023765646032108977, 0.180771840974422, 0.04126254396139009, 0.15385251424035173, 0.5591188839689929, 0.17561937416323414, 0.04691132065548979, 0.20147328107679405, 0.11458901940387752, 0.5177736337500954, 0.003091774189853024, 0.12763964739189293, 0.13149685403371766, 0.1828609946400202, 0.4719488301741147, 0.23029721988049545, 0.10357329407208543, 0.5814328882435806, 0.003888932656058354, 0.48364457045985154, 0.25461338227651503, 1.0, 0.03223264175363199, 0.027177901002509993, 6.798096532970769e-05, 0.3998680259844521, 0.00719595656989095, 0.020944708997406775, 0.002750604615886887, 0.059978225514150156, 0.09043253932201928, 0.009548723414436452, 0.053233064023035695, 0.00022217007056172955, 0.12168548247618426, 0.15798276779620157, 0.2679124962862028, 0.21587134533973645, 0.09896732200041286, 0.23100557785247283, 0.01832780781481296, 0.0002120908842261158, 0.42477429698851416, 0.47370973246775827, 0.12032002718545898, 0.06296720145217455, 6.682258603407952e-05, 0.051968784357119775, 0.0007787633221214669, 0.31422094924470134, 0.008924356430481763, 0.002190208034092098, 0.035555007404890475, 0.00014020033443724612, 0.03095527784473061, 0.004422790562955549, 0.0021413276231263384, 0.519403467647092, 0.02326818242255019, 0.0016825435670261369, 0.042844471418324086, 0.008927101255728898, 0.4241191247824631, 0.016605916501172793, 0.0009225957260701639, 0.09781841855258991, 0.724432206718121, 0.44135305321558693, 0.008320766899942246, 0.0001547029702970297, 0.09832431913392047, 0.552334978913686, 0.003598939060563088, 0.5088451265591436, 0.6678709111401214, 0.3710228243912053, 0.0015020757487430056, 0.11606976659675361, 0.18804497197601325, 0.6824751975716045, 0.0008625438984131504, 0.45893280498562217, 0.17667658537087966, 0.06641080422460834, 0.10588051031191444, 0.0001239229803443906, 0.5704516679238675, 0.050818352783615926, 0.13402718841256522, 0.147261939474926], 'class_info': [{'class_idx': 0, 'pretrain_idx': 13748, 'n_positives': np.float32(15.0), 'auroc': 0.8658898819375482, 'ap': 0.2686637352040019}, {'class_idx': 1, 'pretrain_idx': 3711, 'n_positives': np.float32(728.0), 'auroc': 0.8186166078224166, 'ap': 0.19645164440897964}, {'class_idx': 2, 'pretrain_idx': 3720, 'n_positives': np.float32(950.0), 'auroc': 0.6953601753147867, 'ap': 0.11094539472053651}, {'class_idx': 3, 'pretrain_idx': 3724, 'n_positives': np.float32(667.0), 'auroc': 0.8044486025167032, 'ap': 0.3089239820925604}, {'class_idx': 4, 'pretrain_idx': 3706, 'n_positives': np.float32(109.0), 'auroc': 0.8110303208839512, 'ap': 0.1814828527287454}, {'class_idx': 5, 'pretrain_idx': 712, 'n_positives': np.float32(116.0), 'auroc': 0.5818040476562572, 'ap': 0.044188227021661426}, {'class_idx': 6, 'pretrain_idx': 9356, 'n_positives': np.float32(12.0), 'auroc': 0.825561512664372, 'ap': 0.0036276784479825127}, {'class_idx': 7, 'pretrain_idx': 9864, 'n_positives': np.float32(71.0), 'auroc': 0.6670313595306973, 'ap': 0.07889106121313846}, {'class_idx': 8, 'pretrain_idx': 9049, 'n_positives': np.float32(8.0), 'auroc': 0.9631666887241926, 'ap': 0.307477788644858}, {'class_idx': 9, 'pretrain_idx': 8957, 'n_positives': np.float32(5.0), 'auroc': 0.9863182269268939, 'ap': 0.6245204920422084}, {'class_idx': 10, 'pretrain_idx': 13441, 'n_positives': np.float32(97.0), 'auroc': 0.7641019165801439, 'ap': 0.14571022541407444}, {'class_idx': 11, 'pretrain_idx': 10390, 'n_positives': np.float32(3.0), 'auroc': 0.5081255099115786, 'ap': 0.004535019157627439}, {'class_idx': 12, 'pretrain_idx': 9770, 'n_positives': np.float32(6.0), 'auroc': 0.9919721229764897, 'ap': 0.21408075118343267}, {'class_idx': 13, 'pretrain_idx': 9758, 'n_positives': np.float32(32.0), 'auroc': 0.864165644883351, 'ap': 0.05998728370221733}, {'class_idx': 14, 'pretrain_idx': 9769, 'n_positives': np.float32(692.0), 'auroc': 0.7801007313973631, 'ap': 0.2256163787651019}, {'class_idx': 15, 'pretrain_idx': 9772, 'n_positives': np.float32(254.0), 'auroc': 0.88038789564731, 'ap': 0.2509211949497623}, {'class_idx': 16, 'pretrain_idx': 3094, 'n_positives': np.float32(2.0), 'auroc': 0.9394430480222251, 'ap': 0.0015926052174521062}, {'class_idx': 17, 'pretrain_idx': 5483, 'n_positives': np.float32(87.0), 'auroc': 0.6611844746156157, 'ap': 0.008309511316401496}, {'class_idx': 18, 'pretrain_idx': 7095, 'n_positives': np.float32(1181.0), 'auroc': 0.8016981757760422, 'ap': 0.2787218923079445}, {'class_idx': 19, 'pretrain_idx': 1050, 'n_positives': np.float32(18.0), 'auroc': 0.5981216615900763, 'ap': 0.11312836400971461}, {'class_idx': 20, 'pretrain_idx': 8001, 'n_positives': np.float32(45.0), 'auroc': 0.8818514833241202, 'ap': 0.12698797455024993}, {'class_idx': 21, 'pretrain_idx': 5545, 'n_positives': np.float32(173.0), 'auroc': 0.6222525756710319, 'ap': 0.09716383267607175}, {'class_idx': 22, 'pretrain_idx': 5537, 'n_positives': np.float32(59.0), 'auroc': 0.8346993413226889, 'ap': 0.13462018672372533}, {'class_idx': 23, 'pretrain_idx': 7760, 'n_positives': np.float32(87.0), 'auroc': 0.9708679219892481, 'ap': 0.6936212201384422}, {'class_idx': 24, 'pretrain_idx': 14012, 'n_positives': np.float32(303.0), 'auroc': 0.9300705126191906, 'ap': 0.6506764342188417}, {'class_idx': 25, 'pretrain_idx': 14021, 'n_positives': np.float32(11.0), 'auroc': 0.6674649065277168, 'ap': 0.0013417632303005475}, {'class_idx': 26, 'pretrain_idx': 14016, 'n_positives': np.float32(204.0), 'auroc': 0.7582047702427712, 'ap': 0.3150516023710517}, {'class_idx': 27, 'pretrain_idx': 14008, 'n_positives': np.float32(14.0), 'auroc': 0.4478400257229861, 'ap': 0.0011588557297730073}, {'class_idx': 28, 'pretrain_idx': 14006, 'n_positives': np.float32(282.0), 'auroc': 0.6358494434932735, 'ap': 0.03609753854114637}, {'class_idx': 29, 'pretrain_idx': 2685, 'n_positives': np.float32(1.0), 'auroc': 0.9576030160724915, 'ap': 0.001557632398753894}, {'class_idx': 30, 'pretrain_idx': 7715, 'n_positives': np.float32(4.0), 'auroc': 0.3583785392961101, 'ap': 0.0002526587410489929}, {'class_idx': 31, 'pretrain_idx': 8235, 'n_positives': np.float32(789.0), 'auroc': 0.8584911559128159, 'ap': 0.6010226687475891}, {'class_idx': 32, 'pretrain_idx': 5290, 'n_positives': np.float32(120.0), 'auroc': 0.7923822222222221, 'ap': 0.13534159996964643}, {'class_idx': 33, 'pretrain_idx': 8987, 'n_positives': np.float32(38.0), 'auroc': 0.8002708003266354, 'ap': 0.10649531717602793}, {'class_idx': 34, 'pretrain_idx': 8249, 'n_positives': np.float32(87.0), 'auroc': 0.8818606728033576, 'ap': 0.3863361696397087}, {'class_idx': 35, 'pretrain_idx': 2177, 'n_positives': np.float32(39.0), 'auroc': 0.6754058001322771, 'ap': 0.03770613364927657}, {'class_idx': 36, 'pretrain_idx': 4847, 'n_positives': np.float32(26.0), 'auroc': 0.4929722457216826, 'ap': 0.005383847584837417}, {'class_idx': 37, 'pretrain_idx': 11860, 'n_positives': np.float32(761.0), 'auroc': 0.8513990639321202, 'ap': 0.5795120815104281}, {'class_idx': 38, 'pretrain_idx': 7803, 'n_positives': np.float32(2.0), 'auroc': 0.3122767561846805, 'ap': 0.00014962561882947748}, {'class_idx': 39, 'pretrain_idx': 4356, 'n_positives': np.float32(4.0), 'auroc': 0.3646136544059275, 'ap': 0.00024709872468719834}, {'class_idx': 40, 'pretrain_idx': 10408, 'n_positives': np.float32(16.0), 'auroc': 0.6129253840042374, 'ap': 0.0014254835838378895}, {'class_idx': 41, 'pretrain_idx': 10406, 'n_positives': np.float32(3.0), 'auroc': 0.5244206301955855, 'ap': 0.3334874135320456}, {'class_idx': 42, 'pretrain_idx': 2368, 'n_positives': np.float32(10.0), 'auroc': 0.7214824619457313, 'ap': 0.0023765646032108977}, {'class_idx': 43, 'pretrain_idx': 2367, 'n_positives': np.float32(46.0), 'auroc': 0.6889374736805672, 'ap': 0.180771840974422}, {'class_idx': 44, 'pretrain_idx': 2108, 'n_positives': np.float32(35.0), 'auroc': 0.7977783038969648, 'ap': 0.04126254396139009}, {'class_idx': 45, 'pretrain_idx': 3977, 'n_positives': np.float32(11.0), 'auroc': 0.5525243834198762, 'ap': 0.15385251424035173}, {'class_idx': 46, 'pretrain_idx': 8048, 'n_positives': np.float32(402.0), 'auroc': 0.893431672997967, 'ap': 0.5591188839689929}, {'class_idx': 47, 'pretrain_idx': 8049, 'n_positives': np.float32(53.0), 'auroc': 0.9171499378248853, 'ap': 0.17561937416323414}, {'class_idx': 48, 'pretrain_idx': 8043, 'n_positives': np.float32(70.0), 'auroc': 0.7271324157570005, 'ap': 0.04691132065548979}, {'class_idx': 49, 'pretrain_idx': 1765, 'n_positives': np.float32(121.0), 'auroc': 0.7736543317763883, 'ap': 0.20147328107679405}, {'class_idx': 50, 'pretrain_idx': 10463, 'n_positives': np.float32(27.0), 'auroc': 0.7476681611048536, 'ap': 0.11458901940387752}, {'class_idx': 51, 'pretrain_idx': 471, 'n_positives': np.float32(666.0), 'auroc': 0.8442955720352979, 'ap': 0.5177736337500954}, {'class_idx': 52, 'pretrain_idx': 1064, 'n_positives': np.float32(6.0), 'auroc': 0.583785452781086, 'ap': 0.003091774189853024}, {'class_idx': 53, 'pretrain_idx': 9372, 'n_positives': np.float32(52.0), 'auroc': 0.841910263217006, 'ap': 0.12763964739189293}, {'class_idx': 54, 'pretrain_idx': 12707, 'n_positives': np.float32(22.0), 'auroc': 0.815999108852467, 'ap': 0.13149685403371766}, {'class_idx': 55, 'pretrain_idx': 4021, 'n_positives': np.float32(12.0), 'auroc': 0.9416258494395905, 'ap': 0.1828609946400202}, {'class_idx': 56, 'pretrain_idx': 4017, 'n_positives': np.float32(341.0), 'auroc': 0.8167912423885917, 'ap': 0.4719488301741147}, {'class_idx': 57, 'pretrain_idx': 8643, 'n_positives': np.float32(271.0), 'auroc': 0.7952460674852558, 'ap': 0.23029721988049545}, {'class_idx': 58, 'pretrain_idx': 4032, 'n_positives': np.float32(224.0), 'auroc': 0.6957581493593678, 'ap': 0.10357329407208543}, {'class_idx': 59, 'pretrain_idx': 14529, 'n_positives': np.float32(304.0), 'auroc': 0.8979358419418553, 'ap': 0.5814328882435806}, {'class_idx': 60, 'pretrain_idx': 14523, 'n_positives': np.float32(65.0), 'auroc': 0.45253864036992564, 'ap': 0.003888932656058354}, {'class_idx': 61, 'pretrain_idx': 14527, 'n_positives': np.float32(905.0), 'auroc': 0.8253389637823247, 'ap': 0.48364457045985154}, {'class_idx': 62, 'pretrain_idx': 4079, 'n_positives': np.float32(32.0), 'auroc': 0.950919190747614, 'ap': 0.25461338227651503}, {'class_idx': 63, 'pretrain_idx': 14494, 'n_positives': np.float32(1.0), 'auroc': 1.0, 'ap': 1.0}, {'class_idx': 64, 'pretrain_idx': 10124, 'n_positives': np.float32(76.0), 'auroc': 0.716778152507032, 'ap': 0.03223264175363199}, {'class_idx': 65, 'pretrain_idx': 4063, 'n_positives': np.float32(88.0), 'auroc': 0.5491942945957715, 'ap': 0.027177901002509993}, {'class_idx': 66, 'pretrain_idx': 1411, 'n_positives': np.float32(1.0), 'auroc': 0.027118195647860333, 'ap': 6.798096532970769e-05}, {'class_idx': 67, 'pretrain_idx': 11734, 'n_positives': np.float32(598.0), 'auroc': 0.8489850942336826, 'ap': 0.3998680259844521}, {'class_idx': 68, 'pretrain_idx': 8556, 'n_positives': np.float32(87.0), 'auroc': 0.5987211276953155, 'ap': 0.00719595656989095}, {'class_idx': 69, 'pretrain_idx': 8569, 'n_positives': np.float32(162.0), 'auroc': 0.608123321431696, 'ap': 0.020944708997406775}, {'class_idx': 70, 'pretrain_idx': 8567, 'n_positives': np.float32(14.0), 'auroc': 0.5463202890053148, 'ap': 0.002750604615886887}, {'class_idx': 71, 'pretrain_idx': 8576, 'n_positives': np.float32(239.0), 'auroc': 0.6837460028077702, 'ap': 0.059978225514150156}, {'class_idx': 72, 'pretrain_idx': 8577, 'n_positives': np.float32(94.0), 'auroc': 0.7919117501295626, 'ap': 0.09043253932201928}, {'class_idx': 73, 'pretrain_idx': 6572, 'n_positives': np.float32(21.0), 'auroc': 0.6694230775295745, 'ap': 0.009548723414436452}, {'class_idx': 74, 'pretrain_idx': 13612, 'n_positives': np.float32(370.0), 'auroc': 0.6139223087494273, 'ap': 0.053233064023035695}, {'class_idx': 75, 'pretrain_idx': 13626, 'n_positives': np.float32(2.0), 'auroc': 0.5561251488292103, 'ap': 0.00022217007056172955}, {'class_idx': 76, 'pretrain_idx': 13639, 'n_positives': np.float32(245.0), 'auroc': 0.704400617389813, 'ap': 0.12168548247618426}, {'class_idx': 77, 'pretrain_idx': 3886, 'n_positives': np.float32(311.0), 'auroc': 0.7729632996706834, 'ap': 0.15798276779620157}, {'class_idx': 78, 'pretrain_idx': 13448, 'n_positives': np.float32(185.0), 'auroc': 0.841846560319945, 'ap': 0.2679124962862028}, {'class_idx': 79, 'pretrain_idx': 10128, 'n_positives': np.float32(109.0), 'auroc': 0.8118486809978493, 'ap': 0.21587134533973645}, {'class_idx': 80, 'pretrain_idx': 2435, 'n_positives': np.float32(785.0), 'auroc': 0.6416156172034506, 'ap': 0.09896732200041286}, {'class_idx': 81, 'pretrain_idx': 8537, 'n_positives': np.float32(613.0), 'auroc': 0.7100652652243823, 'ap': 0.23100557785247283}, {'class_idx': 82, 'pretrain_idx': 331, 'n_positives': np.float32(376.0), 'auroc': 0.390039204552014, 'ap': 0.01832780781481296}, {'class_idx': 83, 'pretrain_idx': 5172, 'n_positives': np.float32(4.0), 'auroc': 0.19653016671077003, 'ap': 0.0002120908842261158}, {'class_idx': 84, 'pretrain_idx': 5171, 'n_positives': np.float32(2278.0), 'auroc': 0.711919374927446, 'ap': 0.42477429698851416}, {'class_idx': 85, 'pretrain_idx': 5175, 'n_positives': np.float32(415.0), 'auroc': 0.8245940443173578, 'ap': 0.47370973246775827}, {'class_idx': 86, 'pretrain_idx': 3336, 'n_positives': np.float32(21.0), 'auroc': 0.43281958124000647, 'ap': 0.12032002718545898}, {'class_idx': 87, 'pretrain_idx': 10492, 'n_positives': np.float32(166.0), 'auroc': 0.5794452384904067, 'ap': 0.06296720145217455}, {'class_idx': 88, 'pretrain_idx': 14196, 'n_positives': np.float32(1.0), 'auroc': 0.010252000793703253, 'ap': 6.682258603407952e-05}, {'class_idx': 89, 'pretrain_idx': 8457, 'n_positives': np.float32(21.0), 'auroc': 0.7019544025305997, 'ap': 0.051968784357119775}, {'class_idx': 90, 'pretrain_idx': 9342, 'n_positives': np.float32(9.0), 'auroc': 0.5414745696659534, 'ap': 0.0007787633221214669}, {'class_idx': 91, 'pretrain_idx': 3492, 'n_positives': np.float32(74.0), 'auroc': 0.7947887738862085, 'ap': 0.31422094924470134}, {'class_idx': 92, 'pretrain_idx': 5982, 'n_positives': np.float32(60.0), 'auroc': 0.7360590969455512, 'ap': 0.008924356430481763}, {'class_idx': 93, 'pretrain_idx': 10847, 'n_positives': np.float32(2.0), 'auroc': 0.9530030427305198, 'ap': 0.002190208034092098}, {'class_idx': 94, 'pretrain_idx': 13808, 'n_positives': np.float32(123.0), 'auroc': 0.682537591529146, 'ap': 0.035555007404890475}, {'class_idx': 95, 'pretrain_idx': 13811, 'n_positives': np.float32(2.0), 'auroc': 0.3020240772588967, 'ap': 0.00014020033443724612}, {'class_idx': 96, 'pretrain_idx': 10602, 'n_positives': np.float32(127.0), 'auroc': 0.7919275714493536, 'ap': 0.03095527784473061}, {'class_idx': 97, 'pretrain_idx': 10606, 'n_positives': np.float32(26.0), 'auroc': 0.7195115736257911, 'ap': 0.004422790562955549}, {'class_idx': 98, 'pretrain_idx': 6915, 'n_positives': np.float32(1.0), 'auroc': 0.9691778556782855, 'ap': 0.0021413276231263384}, {'class_idx': 99, 'pretrain_idx': 6922, 'n_positives': np.float32(1688.0), 'auroc': 0.7697222132052198, 'ap': 0.519403467647092}, {'class_idx': 100, 'pretrain_idx': 8495, 'n_positives': np.float32(2.0), 'auroc': 0.9777086916258765, 'ap': 0.02326818242255019}, {'class_idx': 101, 'pretrain_idx': 7738, 'n_positives': np.float32(21.0), 'auroc': 0.3302867739585403, 'ap': 0.0016825435670261369}, {'class_idx': 102, 'pretrain_idx': 12152, 'n_positives': np.float32(33.0), 'auroc': 0.6142615255759023, 'ap': 0.042844471418324086}, {'class_idx': 103, 'pretrain_idx': 12673, 'n_positives': np.float32(61.0), 'auroc': 0.5830433083423778, 'ap': 0.008927101255728898}, {'class_idx': 104, 'pretrain_idx': 8429, 'n_positives': np.float32(100.0), 'auroc': 0.8998402130492676, 'ap': 0.4241191247824631}, {'class_idx': 105, 'pretrain_idx': 1369, 'n_positives': np.float32(44.0), 'auroc': 0.7964675944909428, 'ap': 0.016605916501172793}, {'class_idx': 106, 'pretrain_idx': 1374, 'n_positives': np.float32(22.0), 'auroc': 0.24451462565782345, 'ap': 0.0009225957260701639}, {'class_idx': 107, 'pretrain_idx': 11812, 'n_positives': np.float32(246.0), 'auroc': 0.7101588301078654, 'ap': 0.09781841855258991}, {'class_idx': 108, 'pretrain_idx': 7213, 'n_positives': np.float32(1046.0), 'auroc': 0.9079542277353437, 'ap': 0.724432206718121}, {'class_idx': 109, 'pretrain_idx': 3280, 'n_positives': np.float32(53.0), 'auroc': 0.8931151548241753, 'ap': 0.44135305321558693}, {'class_idx': 110, 'pretrain_idx': 10478, 'n_positives': np.float32(5.0), 'auroc': 0.7551042011247106, 'ap': 0.008320766899942246}, {'class_idx': 111, 'pretrain_idx': 9233, 'n_positives': np.float32(1.0), 'auroc': 0.5725246378728751, 'ap': 0.0001547029702970297}, {'class_idx': 112, 'pretrain_idx': 6833, 'n_positives': np.float32(34.0), 'auroc': 0.7729156756166605, 'ap': 0.09832431913392047}, {'class_idx': 113, 'pretrain_idx': 9564, 'n_positives': np.float32(655.0), 'auroc': 0.863511978109836, 'ap': 0.552334978913686}, {'class_idx': 114, 'pretrain_idx': 9561, 'n_positives': np.float32(66.0), 'auroc': 0.43814590705782414, 'ap': 0.003598939060563088}, {'class_idx': 115, 'pretrain_idx': 9574, 'n_positives': np.float32(732.0), 'auroc': 0.8974085778069459, 'ap': 0.5088451265591436}, {'class_idx': 116, 'pretrain_idx': 2151, 'n_positives': np.float32(2015.0), 'auroc': 0.8480949157548829, 'ap': 0.6678709111401214}, {'class_idx': 117, 'pretrain_idx': 2168, 'n_positives': np.float32(1487.0), 'auroc': 0.7207473203174918, 'ap': 0.3710228243912053}, {'class_idx': 118, 'pretrain_idx': 3924, 'n_positives': np.float32(10.0), 'auroc': 0.743282594308405, 'ap': 0.0015020757487430056}, {'class_idx': 119, 'pretrain_idx': 14097, 'n_positives': np.float32(446.0), 'auroc': 0.6967625543119187, 'ap': 0.11606976659675361}, {'class_idx': 120, 'pretrain_idx': 14070, 'n_positives': np.float32(233.0), 'auroc': 0.9348395970675801, 'ap': 0.18804497197601325}, {'class_idx': 121, 'pretrain_idx': 14094, 'n_positives': np.float32(6167.0), 'auroc': 0.7672184838717138, 'ap': 0.6824751975716045}, {'class_idx': 122, 'pretrain_idx': 4958, 'n_positives': np.float32(12.0), 'auroc': 0.5068010325655282, 'ap': 0.0008625438984131504}, {'class_idx': 123, 'pretrain_idx': 11226, 'n_positives': np.float32(501.0), 'auroc': 0.8168252045058252, 'ap': 0.45893280498562217}, {'class_idx': 124, 'pretrain_idx': 11228, 'n_positives': np.float32(14.0), 'auroc': 0.7955826445499422, 'ap': 0.17667658537087966}, {'class_idx': 125, 'pretrain_idx': 1926, 'n_positives': np.float32(183.0), 'auroc': 0.591184614726112, 'ap': 0.06641080422460834}, {'class_idx': 126, 'pretrain_idx': 1918, 'n_positives': np.float32(39.0), 'auroc': 0.9027813907463799, 'ap': 0.10588051031191444}, {'class_idx': 127, 'pretrain_idx': 5791, 'n_positives': np.float32(2.0), 'auroc': 0.2218878158486572, 'ap': 0.0001239229803443906}, {'class_idx': 128, 'pretrain_idx': 3834, 'n_positives': np.float32(584.0), 'auroc': 0.8360802136971223, 'ap': 0.5704516679238675}, {'class_idx': 129, 'pretrain_idx': 12257, 'n_positives': np.float32(160.0), 'auroc': 0.6896473930481284, 'ap': 0.050818352783615926}, {'class_idx': 130, 'pretrain_idx': 12262, 'n_positives': np.float32(280.0), 'auroc': 0.7135025991528687, 'ap': 0.13402718841256522}, {'class_idx': 131, 'pretrain_idx': 13392, 'n_positives': np.float32(207.0), 'auroc': 0.8972066973956193, 'ap': 0.147261939474926}], 'n_valid_classes': 132, 'all_probs': array([[2.3198963e-04, 2.5533757e-04, 1.4716494e-03, ..., 1.9847126e-05,
        7.5514436e-05, 6.8463545e-05],
       [6.7493034e-04, 1.7228459e-03, 1.2306832e-02, ..., 1.8451135e-03,
        3.5099878e-03, 1.4560022e-04],
       [4.4098339e-05, 5.9133359e-05, 2.1894206e-03, ..., 3.6682686e-05,
        6.6351681e-04, 3.8136681e-05],
       ...,
       [4.9589346e-03, 5.5259116e-02, 2.0107143e-02, ..., 1.6329142e-04,
        3.7265749e-04, 3.1451229e-04],
       [1.9747643e-03, 4.0687309e-03, 4.1578319e-03, ..., 1.8577630e-04,
        4.8686116e-04, 6.0414028e-04],
       [4.0135509e-03, 2.4318463e-01, 2.8593564e-02, ..., 4.8377452e-04,
        4.5448489e-04, 1.4833578e-04]], dtype=float32), 'all_labels': array([[0., 0., 0., ..., 0., 0., 0.],
       [0., 0., 0., ..., 0., 0., 0.],
       [0., 0., 0., ..., 0., 0., 0.],
       ...,
       [0., 0., 0., ..., 0., 0., 0.],
       [0., 0., 0., ..., 0., 0., 0.],
       [0., 0., 0., ..., 0., 0., 0.]], dtype=float32)}
Class 0 (pretrain 13748): AUROC=0.849, AP=0.255, positives=15.0
Class 1 (pretrain 3711): AUROC=0.822, AP=0.198, positives=728.0
Class 2 (pretrain 3720): AUROC=0.710, AP=0.122, positives=950.0
Class 3 (pretrain 3724): AUROC=0.818, AP=0.326, positives=667.0
Class 4 (pretrain 3706): AUROC=0.842, AP=0.198, positives=109.0
Class 5 (pretrain 712): AUROC=0.605, AP=0.041, positives=116.0
Class 6 (pretrain 9356): AUROC=0.725, AP=0.002, positives=12.0
Class 7 (pretrain 9864): AUROC=0.753, AP=0.091, positives=71.0
Class 8 (pretrain 9049): AUROC=0.997, AP=0.402, positives=8.0
Class 9 (pretrain 8957): AUROC=0.979, AP=0.241, positives=5.0
Class 10 (pretrain 13441): AUROC=0.724, AP=0.076, positives=97.0
Class 11 (pretrain 10390): AUROC=0.582, AP=0.006, positives=3.0
Class 12 (pretrain 9770): AUROC=0.993, AP=0.244, positives=6.0
Class 13 (pretrain 9758): AUROC=0.890, AP=0.080, positives=32.0
Class 14 (pretrain 9769): AUROC=0.788, AP=0.219, positives=692.0
Class 15 (pretrain 9772): AUROC=0.871, AP=0.248, positives=254.0
Class 16 (pretrain 3094): AUROC=0.916, AP=0.001, positives=2.0
Class 17 (pretrain 5483): AUROC=0.605, AP=0.007, positives=87.0
Class 18 (pretrain 7095): AUROC=0.796, AP=0.274, positives=1181.0
Class 19 (pretrain 1050): AUROC=0.613, AP=0.113, positives=18.0
Class 20 (pretrain 8001): AUROC=0.892, AP=0.134, positives=45.0
Class 21 (pretrain 5545): AUROC=0.749, AP=0.109, positives=173.0
Class 22 (pretrain 5537): AUROC=0.858, AP=0.176, positives=59.0
Class 23 (pretrain 7760): AUROC=0.977, AP=0.659, positives=87.0
Class 24 (pretrain 14012): AUROC=0.931, AP=0.691, positives=303.0
Class 25 (pretrain 14021): AUROC=0.651, AP=0.001, positives=11.0
Class 26 (pretrain 14016): AUROC=0.782, AP=0.387, positives=204.0
Class 27 (pretrain 14008): AUROC=0.456, AP=0.001, positives=14.0
Class 28 (pretrain 14006): AUROC=0.670, AP=0.048, positives=282.0
Class 29 (pretrain 2685): AUROC=0.985, AP=0.004, positives=1.0
Class 30 (pretrain 7715): AUROC=0.353, AP=0.000, positives=4.0
Class 31 (pretrain 8235): AUROC=0.863, AP=0.623, positives=789.0
Class 32 (pretrain 5290): AUROC=0.823, AP=0.153, positives=120.0
Class 33 (pretrain 8987): AUROC=0.813, AP=0.123, positives=38.0
Class 34 (pretrain 8249): AUROC=0.892, AP=0.410, positives=87.0
Class 35 (pretrain 2177): AUROC=0.649, AP=0.023, positives=39.0
Class 36 (pretrain 4847): AUROC=0.460, AP=0.008, positives=26.0
Class 37 (pretrain 11860): AUROC=0.850, AP=0.560, positives=761.0
Class 38 (pretrain 7803): AUROC=0.410, AP=0.000, positives=2.0
Class 39 (pretrain 4356): AUROC=0.379, AP=0.000, positives=4.0
Class 40 (pretrain 10408): AUROC=0.541, AP=0.001, positives=16.0
Class 41 (pretrain 10406): AUROC=0.417, AP=0.333, positives=3.0
Class 42 (pretrain 2368): AUROC=0.721, AP=0.003, positives=10.0
Class 43 (pretrain 2367): AUROC=0.635, AP=0.170, positives=46.0
Class 44 (pretrain 2108): AUROC=0.700, AP=0.024, positives=35.0
Class 45 (pretrain 3977): AUROC=0.538, AP=0.120, positives=11.0
Class 46 (pretrain 8048): AUROC=0.889, AP=0.567, positives=402.0
Class 47 (pretrain 8049): AUROC=0.918, AP=0.305, positives=53.0
Class 48 (pretrain 8043): AUROC=0.735, AP=0.027, positives=70.0
Class 49 (pretrain 1765): AUROC=0.773, AP=0.221, positives=121.0
Class 50 (pretrain 10463): AUROC=0.692, AP=0.107, positives=27.0
Class 51 (pretrain 471): AUROC=0.837, AP=0.532, positives=666.0
Class 52 (pretrain 1064): AUROC=0.727, AP=0.011, positives=6.0
Class 53 (pretrain 9372): AUROC=0.867, AP=0.170, positives=52.0
Class 54 (pretrain 12707): AUROC=0.771, AP=0.134, positives=22.0
Class 55 (pretrain 4021): AUROC=0.926, AP=0.184, positives=12.0
Class 56 (pretrain 4017): AUROC=0.824, AP=0.483, positives=341.0
Class 57 (pretrain 8643): AUROC=0.783, AP=0.216, positives=271.0
Class 58 (pretrain 4032): AUROC=0.700, AP=0.101, positives=224.0
Class 59 (pretrain 14529): AUROC=0.901, AP=0.565, positives=304.0
Class 60 (pretrain 14523): AUROC=0.487, AP=0.004, positives=65.0
Class 61 (pretrain 14527): AUROC=0.821, AP=0.497, positives=905.0
Class 62 (pretrain 4079): AUROC=0.952, AP=0.169, positives=32.0
Class 63 (pretrain 14494): AUROC=1.000, AP=0.500, positives=1.0
Class 64 (pretrain 10124): AUROC=0.722, AP=0.047, positives=76.0
Class 65 (pretrain 4063): AUROC=0.572, AP=0.031, positives=88.0
Class 66 (pretrain 1411): AUROC=0.009, AP=0.000, positives=1.0
Class 67 (pretrain 11734): AUROC=0.816, AP=0.358, positives=598.0
Class 68 (pretrain 8556): AUROC=0.611, AP=0.007, positives=87.0
Class 69 (pretrain 8569): AUROC=0.567, AP=0.017, positives=162.0
Class 70 (pretrain 8567): AUROC=0.493, AP=0.002, positives=14.0
Class 71 (pretrain 8576): AUROC=0.704, AP=0.068, positives=239.0
Class 72 (pretrain 8577): AUROC=0.745, AP=0.069, positives=94.0
Class 73 (pretrain 6572): AUROC=0.688, AP=0.005, positives=21.0
Class 74 (pretrain 13612): AUROC=0.551, AP=0.039, positives=370.0
Class 75 (pretrain 13626): AUROC=0.494, AP=0.000, positives=2.0
Class 76 (pretrain 13639): AUROC=0.703, AP=0.125, positives=245.0
Class 77 (pretrain 3886): AUROC=0.762, AP=0.157, positives=311.0
Class 78 (pretrain 13448): AUROC=0.831, AP=0.257, positives=185.0
Class 79 (pretrain 10128): AUROC=0.782, AP=0.190, positives=109.0
Class 80 (pretrain 2435): AUROC=0.598, AP=0.084, positives=785.0
Class 81 (pretrain 8537): AUROC=0.682, AP=0.197, positives=613.0
Class 82 (pretrain 331): AUROC=0.478, AP=0.022, positives=376.0
Class 83 (pretrain 5172): AUROC=0.190, AP=0.000, positives=4.0
Class 84 (pretrain 5171): AUROC=0.700, AP=0.412, positives=2278.0
Class 85 (pretrain 5175): AUROC=0.819, AP=0.474, positives=415.0
Class 86 (pretrain 3336): AUROC=0.434, AP=0.147, positives=21.0
Class 87 (pretrain 10492): AUROC=0.549, AP=0.060, positives=166.0
Class 88 (pretrain 14196): AUROC=0.006, AP=0.000, positives=1.0
Class 89 (pretrain 8457): AUROC=0.666, AP=0.048, positives=21.0
Class 90 (pretrain 9342): AUROC=0.433, AP=0.001, positives=9.0
Class 91 (pretrain 3492): AUROC=0.812, AP=0.328, positives=74.0
Class 92 (pretrain 5982): AUROC=0.714, AP=0.008, positives=60.0
Class 93 (pretrain 10847): AUROC=0.985, AP=0.007, positives=2.0
Class 94 (pretrain 13808): AUROC=0.639, AP=0.022, positives=123.0
Class 95 (pretrain 13811): AUROC=0.458, AP=0.000, positives=2.0
Class 96 (pretrain 10602): AUROC=0.791, AP=0.031, positives=127.0
Class 97 (pretrain 10606): AUROC=0.577, AP=0.002, positives=26.0
Class 98 (pretrain 6915): AUROC=0.962, AP=0.002, positives=1.0
Class 99 (pretrain 6922): AUROC=0.774, AP=0.489, positives=1688.0
Class 100 (pretrain 8495): AUROC=0.986, AP=0.036, positives=2.0
Class 101 (pretrain 7738): AUROC=0.340, AP=0.002, positives=21.0
Class 102 (pretrain 12152): AUROC=0.598, AP=0.038, positives=33.0
Class 103 (pretrain 12673): AUROC=0.625, AP=0.012, positives=61.0
Class 104 (pretrain 8429): AUROC=0.888, AP=0.408, positives=100.0
Class 105 (pretrain 1369): AUROC=0.814, AP=0.020, positives=44.0
Class 106 (pretrain 1374): AUROC=0.244, AP=0.001, positives=22.0
Class 107 (pretrain 11812): AUROC=0.676, AP=0.099, positives=246.0
Class 108 (pretrain 7213): AUROC=0.908, AP=0.734, positives=1046.0
Class 109 (pretrain 3280): AUROC=0.895, AP=0.438, positives=53.0
Class 110 (pretrain 10478): AUROC=0.678, AP=0.014, positives=5.0
Class 111 (pretrain 9233): AUROC=0.770, AP=0.000, positives=1.0
Class 112 (pretrain 6833): AUROC=0.680, AP=0.109, positives=34.0
Class 113 (pretrain 9564): AUROC=0.875, AP=0.558, positives=655.0
Class 114 (pretrain 9561): AUROC=0.358, AP=0.003, positives=66.0
Class 115 (pretrain 9574): AUROC=0.879, AP=0.483, positives=732.0
Class 116 (pretrain 2151): AUROC=0.838, AP=0.660, positives=2015.0
Class 117 (pretrain 2168): AUROC=0.702, AP=0.354, positives=1487.0
Class 118 (pretrain 3924): AUROC=0.799, AP=0.002, positives=10.0
Class 119 (pretrain 14097): AUROC=0.689, AP=0.142, positives=446.0
Class 120 (pretrain 14070): AUROC=0.936, AP=0.170, positives=233.0
Class 121 (pretrain 14094): AUROC=0.755, AP=0.670, positives=6167.0
Class 122 (pretrain 4958): AUROC=0.438, AP=0.001, positives=12.0
Class 123 (pretrain 11226): AUROC=0.848, AP=0.496, positives=501.0
Class 124 (pretrain 11228): AUROC=0.787, AP=0.135, positives=14.0
Class 125 (pretrain 1926): AUROC=0.580, AP=0.067, positives=183.0
Class 126 (pretrain 1918): AUROC=0.900, AP=0.134, positives=39.0
Class 127 (pretrain 5791): AUROC=0.271, AP=0.000, positives=2.0
Class 128 (pretrain 3834): AUROC=0.837, AP=0.579, positives=584.0
Class 129 (pretrain 12257): AUROC=0.787, AP=0.057, positives=160.0
Class 130 (pretrain 12262): AUROC=0.705, AP=0.156, positives=280.0
Class 131 (pretrain 13392): AUROC=0.894, AP=0.131, positives=207.0
Spatiotemporally-aware scores: {'macro_auroc': np.float64(0.7104184162509078), 'cmap': np.float64(0.17514205196632698), 'micro_auroc': 0.7807476603743178, 'micro_map': 0.20849383586366696, 'auroc_per_class': [0.848540218470705, 0.8219331825067652, 0.7096677933365524, 0.818104716409525, 0.8417466335085158, 0.6054532009854843, 0.7250297855440826, 0.7525070684589965, 0.9965755690841716, 0.9793847171683757, 0.7240554174321023, 0.5823906859826685, 0.9934277270521812, 0.8895272733297985, 0.7883559945257376, 0.8714630224228831, 0.9157295938616219, 0.6050007990084649, 0.7957073031223076, 0.6131417472299475, 0.8924960383268841, 0.7489267473396367, 0.8579708057290184, 0.977078014574832, 0.9308318359675611, 0.6514780474010072, 0.7815470885323825, 0.4564127782716423, 0.6702553057656258, 0.9848534956015609, 0.35298690129663934, 0.8628673214907476, 0.8227972222222222, 0.8126609621786863, 0.8920222254335483, 0.6488874607036532, 0.4603586753778883, 0.8501248124061802, 0.41033866913612915, 0.3793827732204287, 0.5414211467161016, 0.4170580582567088, 0.7211317008603574, 0.6347684755207642, 0.700303991666272, 0.537945475002858, 0.8888968325920337, 0.9181179411208552, 0.734733744660655, 0.7726090830297777, 0.6921849962332304, 0.8373286113012139, 0.7269198535574082, 0.8667451144554942, 0.7708426161201363, 0.9262587150295649, 0.8241340302351021, 0.7831992115462942, 0.699888722523784, 0.9006237477975446, 0.4865769103032471, 0.8206798125861134, 0.9518843617444327, 0.9999338580593955, 0.7219559467666774, 0.572077295708549, 0.009259871684635268, 0.8164413444438353, 0.6114586224482385, 0.5671646041013604, 0.4927748671294282, 0.7040051915348514, 0.7454100835148154, 0.6882953459547936, 0.5506871278057719, 0.4941460510649557, 0.7030914765906362, 0.7623568617241754, 0.8314248228811334, 0.7823155985304966, 0.5977640579491201, 0.6817163475448821, 0.4781242604276099, 0.18953426832495368, 0.6997420803856529, 0.8189495417917847, 0.4343680912327842, 0.5485098075866393, 0.006283484357431091, 0.666026447667616, 0.4333340686328576, 0.81159668907243, 0.7138844621513943, 0.9853485910834766, 0.6391175254020995, 0.45826167482471225, 0.7910878094816952, 0.5768975955805159, 0.9623652357960183, 0.77359323441368, 0.9859769810821538, 0.3403378968648192, 0.5983337049155303, 0.6246087792388191, 0.8878994673768308, 0.8143843918087749, 0.24415636026445403, 0.6757904610107013, 0.9082575276108175, 0.8948695825313598, 0.6775653324512074, 0.7704213241616509, 0.679866802879179, 0.8748079993033989, 0.3577112294728875, 0.8787531276063387, 0.8383715419360519, 0.7017855572274068, 0.7986300463269358, 0.6891446755220025, 0.9356776702085612, 0.7545568265067863, 0.43821154355308445, 0.8480206288292147, 0.7874685555408447, 0.5801078555433732, 0.8997260944744534, 0.27080301627199366, 0.837160078708695, 0.787367563502674, 0.7049995186753947, 0.8938817767852255], 'ap_per_class': [0.25489162611251565, 0.1978557217229886, 0.12231123531110107, 0.3261704729013061, 0.19765827038353606, 0.040998906776785256, 0.002169343285766631, 0.09130677330513716, 0.4024787571662572, 0.241044358468988, 0.0762797625718604, 0.005825980466778398, 0.24400466535292611, 0.0797859875684687, 0.21920289277554894, 0.24799161336361045, 0.0011559624235680573, 0.006919180573369179, 0.27370912776097966, 0.11281300894320113, 0.13374742241102885, 0.10910031251721797, 0.17574380680509794, 0.6586279131096588, 0.6913612670953518, 0.001185737676919593, 0.38662171306337595, 0.0011151227541715946, 0.04841099798468687, 0.004347826086956522, 0.0002517276343777869, 0.6233852863131075, 0.15263478675129508, 0.12337443594977063, 0.41044806656170874, 0.023365174847676345, 0.008115115635031134, 0.559716688541444, 0.00021955152695071547, 0.000259067016382454, 0.0011567999213277264, 0.3334591238583319, 0.0029411553262027996, 0.16959796978351188, 0.02408670216379083, 0.11964409805995813, 0.567205229234351, 0.3052754439628264, 0.026559660824676742, 0.22134748095065335, 0.10686432863046438, 0.5316182830861115, 0.011139655355497116, 0.16951959389765164, 0.1341589653372788, 0.1839289267060901, 0.48341448095359246, 0.21595709094663218, 0.1010447911138638, 0.5654085500601078, 0.004149840408644701, 0.49684521284909894, 0.1685365690033272, 0.5, 0.04651737462329498, 0.031110299820170568, 6.675567423230975e-05, 0.3581100742695912, 0.007181981116864437, 0.017481972782281436, 0.0018137096256970874, 0.06793449645077271, 0.06928552655972378, 0.005231278843216117, 0.03853753248001299, 0.00019144981813864635, 0.12547502783269365, 0.15746708918939503, 0.25695969808430885, 0.19043932504189606, 0.08411645323557301, 0.19738325153482922, 0.022398407942579315, 0.0002038498077329441, 0.4116659197853609, 0.47430944516668266, 0.14671473069766622, 0.06048141639483118, 6.65557404326123e-05, 0.0483979216106801, 0.0005494646887039498, 0.32821760756489204, 0.008089838554519679, 0.006614361991936362, 0.02217404459084929, 0.00032607660782985184, 0.030676660993462883, 0.002389146512980998, 0.0017543859649122807, 0.4888764175039111, 0.03576051779935275, 0.001778262626053392, 0.038461628024515276, 0.011955521727154462, 0.4083910331240485, 0.019632301592514594, 0.0009219919815168387, 0.09917028392898519, 0.7338000390643156, 0.4384481114109162, 0.014354243663142205, 0.0002880184331797235, 0.10921103797772136, 0.5579406972780296, 0.0031117261736794753, 0.4825761670925511, 0.6602520462621292, 0.35394606313839605, 0.0018471531083005155, 0.14248832994942395, 0.17017624132124656, 0.6695194511445802, 0.0007221805501763646, 0.496137010688639, 0.13476153661961748, 0.06749252016931132, 0.13375515857877107, 0.00013282228809156907, 0.5786623334414516, 0.05665484396769717, 0.15554145557989812, 0.13118496179620284], 'class_info': [{'class_idx': 0, 'pretrain_idx': 13748, 'n_positives': np.float32(15.0), 'auroc': 0.848540218470705, 'ap': 0.25489162611251565}, {'class_idx': 1, 'pretrain_idx': 3711, 'n_positives': np.float32(728.0), 'auroc': 0.8219331825067652, 'ap': 0.1978557217229886}, {'class_idx': 2, 'pretrain_idx': 3720, 'n_positives': np.float32(950.0), 'auroc': 0.7096677933365524, 'ap': 0.12231123531110107}, {'class_idx': 3, 'pretrain_idx': 3724, 'n_positives': np.float32(667.0), 'auroc': 0.818104716409525, 'ap': 0.3261704729013061}, {'class_idx': 4, 'pretrain_idx': 3706, 'n_positives': np.float32(109.0), 'auroc': 0.8417466335085158, 'ap': 0.19765827038353606}, {'class_idx': 5, 'pretrain_idx': 712, 'n_positives': np.float32(116.0), 'auroc': 0.6054532009854843, 'ap': 0.040998906776785256}, {'class_idx': 6, 'pretrain_idx': 9356, 'n_positives': np.float32(12.0), 'auroc': 0.7250297855440826, 'ap': 0.002169343285766631}, {'class_idx': 7, 'pretrain_idx': 9864, 'n_positives': np.float32(71.0), 'auroc': 0.7525070684589965, 'ap': 0.09130677330513716}, {'class_idx': 8, 'pretrain_idx': 9049, 'n_positives': np.float32(8.0), 'auroc': 0.9965755690841716, 'ap': 0.4024787571662572}, {'class_idx': 9, 'pretrain_idx': 8957, 'n_positives': np.float32(5.0), 'auroc': 0.9793847171683757, 'ap': 0.241044358468988}, {'class_idx': 10, 'pretrain_idx': 13441, 'n_positives': np.float32(97.0), 'auroc': 0.7240554174321023, 'ap': 0.0762797625718604}, {'class_idx': 11, 'pretrain_idx': 10390, 'n_positives': np.float32(3.0), 'auroc': 0.5823906859826685, 'ap': 0.005825980466778398}, {'class_idx': 12, 'pretrain_idx': 9770, 'n_positives': np.float32(6.0), 'auroc': 0.9934277270521812, 'ap': 0.24400466535292611}, {'class_idx': 13, 'pretrain_idx': 9758, 'n_positives': np.float32(32.0), 'auroc': 0.8895272733297985, 'ap': 0.0797859875684687}, {'class_idx': 14, 'pretrain_idx': 9769, 'n_positives': np.float32(692.0), 'auroc': 0.7883559945257376, 'ap': 0.21920289277554894}, {'class_idx': 15, 'pretrain_idx': 9772, 'n_positives': np.float32(254.0), 'auroc': 0.8714630224228831, 'ap': 0.24799161336361045}, {'class_idx': 16, 'pretrain_idx': 3094, 'n_positives': np.float32(2.0), 'auroc': 0.9157295938616219, 'ap': 0.0011559624235680573}, {'class_idx': 17, 'pretrain_idx': 5483, 'n_positives': np.float32(87.0), 'auroc': 0.6050007990084649, 'ap': 0.006919180573369179}, {'class_idx': 18, 'pretrain_idx': 7095, 'n_positives': np.float32(1181.0), 'auroc': 0.7957073031223076, 'ap': 0.27370912776097966}, {'class_idx': 19, 'pretrain_idx': 1050, 'n_positives': np.float32(18.0), 'auroc': 0.6131417472299475, 'ap': 0.11281300894320113}, {'class_idx': 20, 'pretrain_idx': 8001, 'n_positives': np.float32(45.0), 'auroc': 0.8924960383268841, 'ap': 0.13374742241102885}, {'class_idx': 21, 'pretrain_idx': 5545, 'n_positives': np.float32(173.0), 'auroc': 0.7489267473396367, 'ap': 0.10910031251721797}, {'class_idx': 22, 'pretrain_idx': 5537, 'n_positives': np.float32(59.0), 'auroc': 0.8579708057290184, 'ap': 0.17574380680509794}, {'class_idx': 23, 'pretrain_idx': 7760, 'n_positives': np.float32(87.0), 'auroc': 0.977078014574832, 'ap': 0.6586279131096588}, {'class_idx': 24, 'pretrain_idx': 14012, 'n_positives': np.float32(303.0), 'auroc': 0.9308318359675611, 'ap': 0.6913612670953518}, {'class_idx': 25, 'pretrain_idx': 14021, 'n_positives': np.float32(11.0), 'auroc': 0.6514780474010072, 'ap': 0.001185737676919593}, {'class_idx': 26, 'pretrain_idx': 14016, 'n_positives': np.float32(204.0), 'auroc': 0.7815470885323825, 'ap': 0.38662171306337595}, {'class_idx': 27, 'pretrain_idx': 14008, 'n_positives': np.float32(14.0), 'auroc': 0.4564127782716423, 'ap': 0.0011151227541715946}, {'class_idx': 28, 'pretrain_idx': 14006, 'n_positives': np.float32(282.0), 'auroc': 0.6702553057656258, 'ap': 0.04841099798468687}, {'class_idx': 29, 'pretrain_idx': 2685, 'n_positives': np.float32(1.0), 'auroc': 0.9848534956015609, 'ap': 0.004347826086956522}, {'class_idx': 30, 'pretrain_idx': 7715, 'n_positives': np.float32(4.0), 'auroc': 0.35298690129663934, 'ap': 0.0002517276343777869}, {'class_idx': 31, 'pretrain_idx': 8235, 'n_positives': np.float32(789.0), 'auroc': 0.8628673214907476, 'ap': 0.6233852863131075}, {'class_idx': 32, 'pretrain_idx': 5290, 'n_positives': np.float32(120.0), 'auroc': 0.8227972222222222, 'ap': 0.15263478675129508}, {'class_idx': 33, 'pretrain_idx': 8987, 'n_positives': np.float32(38.0), 'auroc': 0.8126609621786863, 'ap': 0.12337443594977063}, {'class_idx': 34, 'pretrain_idx': 8249, 'n_positives': np.float32(87.0), 'auroc': 0.8920222254335483, 'ap': 0.41044806656170874}, {'class_idx': 35, 'pretrain_idx': 2177, 'n_positives': np.float32(39.0), 'auroc': 0.6488874607036532, 'ap': 0.023365174847676345}, {'class_idx': 36, 'pretrain_idx': 4847, 'n_positives': np.float32(26.0), 'auroc': 0.4603586753778883, 'ap': 0.008115115635031134}, {'class_idx': 37, 'pretrain_idx': 11860, 'n_positives': np.float32(761.0), 'auroc': 0.8501248124061802, 'ap': 0.559716688541444}, {'class_idx': 38, 'pretrain_idx': 7803, 'n_positives': np.float32(2.0), 'auroc': 0.41033866913612915, 'ap': 0.00021955152695071547}, {'class_idx': 39, 'pretrain_idx': 4356, 'n_positives': np.float32(4.0), 'auroc': 0.3793827732204287, 'ap': 0.000259067016382454}, {'class_idx': 40, 'pretrain_idx': 10408, 'n_positives': np.float32(16.0), 'auroc': 0.5414211467161016, 'ap': 0.0011567999213277264}, {'class_idx': 41, 'pretrain_idx': 10406, 'n_positives': np.float32(3.0), 'auroc': 0.4170580582567088, 'ap': 0.3334591238583319}, {'class_idx': 42, 'pretrain_idx': 2368, 'n_positives': np.float32(10.0), 'auroc': 0.7211317008603574, 'ap': 0.0029411553262027996}, {'class_idx': 43, 'pretrain_idx': 2367, 'n_positives': np.float32(46.0), 'auroc': 0.6347684755207642, 'ap': 0.16959796978351188}, {'class_idx': 44, 'pretrain_idx': 2108, 'n_positives': np.float32(35.0), 'auroc': 0.700303991666272, 'ap': 0.02408670216379083}, {'class_idx': 45, 'pretrain_idx': 3977, 'n_positives': np.float32(11.0), 'auroc': 0.537945475002858, 'ap': 0.11964409805995813}, {'class_idx': 46, 'pretrain_idx': 8048, 'n_positives': np.float32(402.0), 'auroc': 0.8888968325920337, 'ap': 0.567205229234351}, {'class_idx': 47, 'pretrain_idx': 8049, 'n_positives': np.float32(53.0), 'auroc': 0.9181179411208552, 'ap': 0.3052754439628264}, {'class_idx': 48, 'pretrain_idx': 8043, 'n_positives': np.float32(70.0), 'auroc': 0.734733744660655, 'ap': 0.026559660824676742}, {'class_idx': 49, 'pretrain_idx': 1765, 'n_positives': np.float32(121.0), 'auroc': 0.7726090830297777, 'ap': 0.22134748095065335}, {'class_idx': 50, 'pretrain_idx': 10463, 'n_positives': np.float32(27.0), 'auroc': 0.6921849962332304, 'ap': 0.10686432863046438}, {'class_idx': 51, 'pretrain_idx': 471, 'n_positives': np.float32(666.0), 'auroc': 0.8373286113012139, 'ap': 0.5316182830861115}, {'class_idx': 52, 'pretrain_idx': 1064, 'n_positives': np.float32(6.0), 'auroc': 0.7269198535574082, 'ap': 0.011139655355497116}, {'class_idx': 53, 'pretrain_idx': 9372, 'n_positives': np.float32(52.0), 'auroc': 0.8667451144554942, 'ap': 0.16951959389765164}, {'class_idx': 54, 'pretrain_idx': 12707, 'n_positives': np.float32(22.0), 'auroc': 0.7708426161201363, 'ap': 0.1341589653372788}, {'class_idx': 55, 'pretrain_idx': 4021, 'n_positives': np.float32(12.0), 'auroc': 0.9262587150295649, 'ap': 0.1839289267060901}, {'class_idx': 56, 'pretrain_idx': 4017, 'n_positives': np.float32(341.0), 'auroc': 0.8241340302351021, 'ap': 0.48341448095359246}, {'class_idx': 57, 'pretrain_idx': 8643, 'n_positives': np.float32(271.0), 'auroc': 0.7831992115462942, 'ap': 0.21595709094663218}, {'class_idx': 58, 'pretrain_idx': 4032, 'n_positives': np.float32(224.0), 'auroc': 0.699888722523784, 'ap': 0.1010447911138638}, {'class_idx': 59, 'pretrain_idx': 14529, 'n_positives': np.float32(304.0), 'auroc': 0.9006237477975446, 'ap': 0.5654085500601078}, {'class_idx': 60, 'pretrain_idx': 14523, 'n_positives': np.float32(65.0), 'auroc': 0.4865769103032471, 'ap': 0.004149840408644701}, {'class_idx': 61, 'pretrain_idx': 14527, 'n_positives': np.float32(905.0), 'auroc': 0.8206798125861134, 'ap': 0.49684521284909894}, {'class_idx': 62, 'pretrain_idx': 4079, 'n_positives': np.float32(32.0), 'auroc': 0.9518843617444327, 'ap': 0.1685365690033272}, {'class_idx': 63, 'pretrain_idx': 14494, 'n_positives': np.float32(1.0), 'auroc': 0.9999338580593955, 'ap': 0.5}, {'class_idx': 64, 'pretrain_idx': 10124, 'n_positives': np.float32(76.0), 'auroc': 0.7219559467666774, 'ap': 0.04651737462329498}, {'class_idx': 65, 'pretrain_idx': 4063, 'n_positives': np.float32(88.0), 'auroc': 0.572077295708549, 'ap': 0.031110299820170568}, {'class_idx': 66, 'pretrain_idx': 1411, 'n_positives': np.float32(1.0), 'auroc': 0.009259871684635268, 'ap': 6.675567423230975e-05}, {'class_idx': 67, 'pretrain_idx': 11734, 'n_positives': np.float32(598.0), 'auroc': 0.8164413444438353, 'ap': 0.3581100742695912}, {'class_idx': 68, 'pretrain_idx': 8556, 'n_positives': np.float32(87.0), 'auroc': 0.6114586224482385, 'ap': 0.007181981116864437}, {'class_idx': 69, 'pretrain_idx': 8569, 'n_positives': np.float32(162.0), 'auroc': 0.5671646041013604, 'ap': 0.017481972782281436}, {'class_idx': 70, 'pretrain_idx': 8567, 'n_positives': np.float32(14.0), 'auroc': 0.4927748671294282, 'ap': 0.0018137096256970874}, {'class_idx': 71, 'pretrain_idx': 8576, 'n_positives': np.float32(239.0), 'auroc': 0.7040051915348514, 'ap': 0.06793449645077271}, {'class_idx': 72, 'pretrain_idx': 8577, 'n_positives': np.float32(94.0), 'auroc': 0.7454100835148154, 'ap': 0.06928552655972378}, {'class_idx': 73, 'pretrain_idx': 6572, 'n_positives': np.float32(21.0), 'auroc': 0.6882953459547936, 'ap': 0.005231278843216117}, {'class_idx': 74, 'pretrain_idx': 13612, 'n_positives': np.float32(370.0), 'auroc': 0.5506871278057719, 'ap': 0.03853753248001299}, {'class_idx': 75, 'pretrain_idx': 13626, 'n_positives': np.float32(2.0), 'auroc': 0.4941460510649557, 'ap': 0.00019144981813864635}, {'class_idx': 76, 'pretrain_idx': 13639, 'n_positives': np.float32(245.0), 'auroc': 0.7030914765906362, 'ap': 0.12547502783269365}, {'class_idx': 77, 'pretrain_idx': 3886, 'n_positives': np.float32(311.0), 'auroc': 0.7623568617241754, 'ap': 0.15746708918939503}, {'class_idx': 78, 'pretrain_idx': 13448, 'n_positives': np.float32(185.0), 'auroc': 0.8314248228811334, 'ap': 0.25695969808430885}, {'class_idx': 79, 'pretrain_idx': 10128, 'n_positives': np.float32(109.0), 'auroc': 0.7823155985304966, 'ap': 0.19043932504189606}, {'class_idx': 80, 'pretrain_idx': 2435, 'n_positives': np.float32(785.0), 'auroc': 0.5977640579491201, 'ap': 0.08411645323557301}, {'class_idx': 81, 'pretrain_idx': 8537, 'n_positives': np.float32(613.0), 'auroc': 0.6817163475448821, 'ap': 0.19738325153482922}, {'class_idx': 82, 'pretrain_idx': 331, 'n_positives': np.float32(376.0), 'auroc': 0.4781242604276099, 'ap': 0.022398407942579315}, {'class_idx': 83, 'pretrain_idx': 5172, 'n_positives': np.float32(4.0), 'auroc': 0.18953426832495368, 'ap': 0.0002038498077329441}, {'class_idx': 84, 'pretrain_idx': 5171, 'n_positives': np.float32(2278.0), 'auroc': 0.6997420803856529, 'ap': 0.4116659197853609}, {'class_idx': 85, 'pretrain_idx': 5175, 'n_positives': np.float32(415.0), 'auroc': 0.8189495417917847, 'ap': 0.47430944516668266}, {'class_idx': 86, 'pretrain_idx': 3336, 'n_positives': np.float32(21.0), 'auroc': 0.4343680912327842, 'ap': 0.14671473069766622}, {'class_idx': 87, 'pretrain_idx': 10492, 'n_positives': np.float32(166.0), 'auroc': 0.5485098075866393, 'ap': 0.06048141639483118}, {'class_idx': 88, 'pretrain_idx': 14196, 'n_positives': np.float32(1.0), 'auroc': 0.006283484357431091, 'ap': 6.65557404326123e-05}, {'class_idx': 89, 'pretrain_idx': 8457, 'n_positives': np.float32(21.0), 'auroc': 0.666026447667616, 'ap': 0.0483979216106801}, {'class_idx': 90, 'pretrain_idx': 9342, 'n_positives': np.float32(9.0), 'auroc': 0.4333340686328576, 'ap': 0.0005494646887039498}, {'class_idx': 91, 'pretrain_idx': 3492, 'n_positives': np.float32(74.0), 'auroc': 0.81159668907243, 'ap': 0.32821760756489204}, {'class_idx': 92, 'pretrain_idx': 5982, 'n_positives': np.float32(60.0), 'auroc': 0.7138844621513943, 'ap': 0.008089838554519679}, {'class_idx': 93, 'pretrain_idx': 10847, 'n_positives': np.float32(2.0), 'auroc': 0.9853485910834766, 'ap': 0.006614361991936362}, {'class_idx': 94, 'pretrain_idx': 13808, 'n_positives': np.float32(123.0), 'auroc': 0.6391175254020995, 'ap': 0.02217404459084929}, {'class_idx': 95, 'pretrain_idx': 13811, 'n_positives': np.float32(2.0), 'auroc': 0.45826167482471225, 'ap': 0.00032607660782985184}, {'class_idx': 96, 'pretrain_idx': 10602, 'n_positives': np.float32(127.0), 'auroc': 0.7910878094816952, 'ap': 0.030676660993462883}, {'class_idx': 97, 'pretrain_idx': 10606, 'n_positives': np.float32(26.0), 'auroc': 0.5768975955805159, 'ap': 0.002389146512980998}, {'class_idx': 98, 'pretrain_idx': 6915, 'n_positives': np.float32(1.0), 'auroc': 0.9623652357960183, 'ap': 0.0017543859649122807}, {'class_idx': 99, 'pretrain_idx': 6922, 'n_positives': np.float32(1688.0), 'auroc': 0.77359323441368, 'ap': 0.4888764175039111}, {'class_idx': 100, 'pretrain_idx': 8495, 'n_positives': np.float32(2.0), 'auroc': 0.9859769810821538, 'ap': 0.03576051779935275}, {'class_idx': 101, 'pretrain_idx': 7738, 'n_positives': np.float32(21.0), 'auroc': 0.3403378968648192, 'ap': 0.001778262626053392}, {'class_idx': 102, 'pretrain_idx': 12152, 'n_positives': np.float32(33.0), 'auroc': 0.5983337049155303, 'ap': 0.038461628024515276}, {'class_idx': 103, 'pretrain_idx': 12673, 'n_positives': np.float32(61.0), 'auroc': 0.6246087792388191, 'ap': 0.011955521727154462}, {'class_idx': 104, 'pretrain_idx': 8429, 'n_positives': np.float32(100.0), 'auroc': 0.8878994673768308, 'ap': 0.4083910331240485}, {'class_idx': 105, 'pretrain_idx': 1369, 'n_positives': np.float32(44.0), 'auroc': 0.8143843918087749, 'ap': 0.019632301592514594}, {'class_idx': 106, 'pretrain_idx': 1374, 'n_positives': np.float32(22.0), 'auroc': 0.24415636026445403, 'ap': 0.0009219919815168387}, {'class_idx': 107, 'pretrain_idx': 11812, 'n_positives': np.float32(246.0), 'auroc': 0.6757904610107013, 'ap': 0.09917028392898519}, {'class_idx': 108, 'pretrain_idx': 7213, 'n_positives': np.float32(1046.0), 'auroc': 0.9082575276108175, 'ap': 0.7338000390643156}, {'class_idx': 109, 'pretrain_idx': 3280, 'n_positives': np.float32(53.0), 'auroc': 0.8948695825313598, 'ap': 0.4384481114109162}, {'class_idx': 110, 'pretrain_idx': 10478, 'n_positives': np.float32(5.0), 'auroc': 0.6775653324512074, 'ap': 0.014354243663142205}, {'class_idx': 111, 'pretrain_idx': 9233, 'n_positives': np.float32(1.0), 'auroc': 0.7704213241616509, 'ap': 0.0002880184331797235}, {'class_idx': 112, 'pretrain_idx': 6833, 'n_positives': np.float32(34.0), 'auroc': 0.679866802879179, 'ap': 0.10921103797772136}, {'class_idx': 113, 'pretrain_idx': 9564, 'n_positives': np.float32(655.0), 'auroc': 0.8748079993033989, 'ap': 0.5579406972780296}, {'class_idx': 114, 'pretrain_idx': 9561, 'n_positives': np.float32(66.0), 'auroc': 0.3577112294728875, 'ap': 0.0031117261736794753}, {'class_idx': 115, 'pretrain_idx': 9574, 'n_positives': np.float32(732.0), 'auroc': 0.8787531276063387, 'ap': 0.4825761670925511}, {'class_idx': 116, 'pretrain_idx': 2151, 'n_positives': np.float32(2015.0), 'auroc': 0.8383715419360519, 'ap': 0.6602520462621292}, {'class_idx': 117, 'pretrain_idx': 2168, 'n_positives': np.float32(1487.0), 'auroc': 0.7017855572274068, 'ap': 0.35394606313839605}, {'class_idx': 118, 'pretrain_idx': 3924, 'n_positives': np.float32(10.0), 'auroc': 0.7986300463269358, 'ap': 0.0018471531083005155}, {'class_idx': 119, 'pretrain_idx': 14097, 'n_positives': np.float32(446.0), 'auroc': 0.6891446755220025, 'ap': 0.14248832994942395}, {'class_idx': 120, 'pretrain_idx': 14070, 'n_positives': np.float32(233.0), 'auroc': 0.9356776702085612, 'ap': 0.17017624132124656}, {'class_idx': 121, 'pretrain_idx': 14094, 'n_positives': np.float32(6167.0), 'auroc': 0.7545568265067863, 'ap': 0.6695194511445802}, {'class_idx': 122, 'pretrain_idx': 4958, 'n_positives': np.float32(12.0), 'auroc': 0.43821154355308445, 'ap': 0.0007221805501763646}, {'class_idx': 123, 'pretrain_idx': 11226, 'n_positives': np.float32(501.0), 'auroc': 0.8480206288292147, 'ap': 0.496137010688639}, {'class_idx': 124, 'pretrain_idx': 11228, 'n_positives': np.float32(14.0), 'auroc': 0.7874685555408447, 'ap': 0.13476153661961748}, {'class_idx': 125, 'pretrain_idx': 1926, 'n_positives': np.float32(183.0), 'auroc': 0.5801078555433732, 'ap': 0.06749252016931132}, {'class_idx': 126, 'pretrain_idx': 1918, 'n_positives': np.float32(39.0), 'auroc': 0.8997260944744534, 'ap': 0.13375515857877107}, {'class_idx': 127, 'pretrain_idx': 5791, 'n_positives': np.float32(2.0), 'auroc': 0.27080301627199366, 'ap': 0.00013282228809156907}, {'class_idx': 128, 'pretrain_idx': 3834, 'n_positives': np.float32(584.0), 'auroc': 0.837160078708695, 'ap': 0.5786623334414516}, {'class_idx': 129, 'pretrain_idx': 12257, 'n_positives': np.float32(160.0), 'auroc': 0.787367563502674, 'ap': 0.05665484396769717}, {'class_idx': 130, 'pretrain_idx': 12262, 'n_positives': np.float32(280.0), 'auroc': 0.7049995186753947, 'ap': 0.15554145557989812}, {'class_idx': 131, 'pretrain_idx': 13392, 'n_positives': np.float32(207.0), 'auroc': 0.8938817767852255, 'ap': 0.13118496179620284}], 'n_valid_classes': 132, 'all_probs': array([[1.52997731e-04, 2.30262478e-04, 9.84566985e-04, ...,
        2.34259824e-05, 2.36690739e-05, 7.27684164e-05],
       [5.50915138e-04, 1.76998717e-03, 1.35668060e-02, ...,
        2.77859438e-03, 9.94169503e-04, 1.13407994e-04],
       [3.42138846e-05, 1.00567391e-04, 2.29659118e-03, ...,
        5.78069739e-05, 2.31423153e-04, 3.08612143e-05],
       ...,
       [2.27171811e-03, 4.58780006e-02, 1.38733787e-02, ...,
        2.13736887e-04, 1.58750612e-04, 3.81336955e-04],
       [6.24253822e-04, 4.01765807e-03, 2.26417929e-03, ...,
        1.51435801e-04, 1.26075363e-04, 6.92347006e-04],
       [1.32471672e-03, 2.27592155e-01, 1.80715770e-02, ...,
        6.83697464e-04, 1.04383122e-04, 2.06486409e-04]], dtype=float32), 'all_labels': array([[0., 0., 0., ..., 0., 0., 0.],
       [0., 0., 0., ..., 0., 0., 0.],
       [0., 0., 0., ..., 0., 0., 0.],
       ...,
       [0., 0., 0., ..., 0., 0., 0.],
       [0., 0., 0., ..., 0., 0., 0.],
       [0., 0., 0., ..., 0., 0., 0.]], dtype=float32)}
Audio-only macro scores: AUROC 0.7125971908381553 cmAP 0.18031660415210907
Spatiotemporally-aware macro scores: AUROC 0.7104184162509078 cmAP: 0.17514205196632698
PER
20
