ExplicitMaxout parameters: 90,965,808
ExplicitMaxout parameters: 121,353,008
['0', '1', '2', '3', '4', '5', '6', '7', '8', '9']
['hawgoo', 'calqua', 'wiltur', 'kalphe', 'blkfra', 'chukar', 'ercfra', 'barpet', 'hawpet1', 'hawhaw']
[1747, 2032, 7883, 7399, 5207, 370, 11443, 6170, 11497, 1878, 2591, 336, 6143, 14726, 8373, 4833, 7428, 4301, 6091, 7441, 7440, 2697, 5819, 3636, 2247, 6933, 5368]
(36637, 165)
[[[11], [], [11], [], [11], [11, 21], [], [], [18, 14], [], [11, 21], [6], [21], [21], [25, 17], [21, 6], [25, 21], [6, 22], [21], [21, 11], [21, 11], [11], [], [6], [], [18, 17], [], [], [], [], [21], [21], [13, 21], [21], [25], [18], [11], [21], [21], [25], [22, 21], [], [], [11], [], [25, 21, 11], [6], [17], [6], [], [], [21, 17, 24], [11], [22], [18, 14, 13], [21], [21], [], [22, 25], [17, 25], [], [25, 18, 14, 17], [], [25, 14, 21], [17, 14], [22], [21], [], [], [], [21], [13, 11], [11], [21], [], [17, 13], [18, 17, 14], [], [21], [11, 21], [21], [11], [], [18, 20, 19], [21], [21, 2], [], [], [11], [21], [17, 21], [11], [21, 22], [22, 26, 21, 6], [], [21], [11], [14], [18], [11], [], [21, 13], [], [], [25, 21, 17], [13], [], [25, 21, 13], [17], [26], [], [17, 25], [17, 18, 12], [], [18], [11], [21], [11], [], [], [17, 18], [11], [21, 11], [11], [17], [25, 21], [21], [17, 14, 21]], [[], [21], [11], [21], [18, 13], [], [11], [], [], [21], [], [17], [21], [], [22], [21], [], [12, 21], [], [], [21], [11, 21, 6], [21], [], [17], [21, 13], [21], [7], [19, 17, 18], [11], [11, 21], [20, 17, 18], [17], [22], [21], [], [], [], [6], [25], [19, 18], [], [21], [7], [11], [21], [], [], [], [11], [18, 21, 17], [11], [], [11], [18, 17], [21], [21, 17, 18], [], [14], [22], [21, 25], [18], [], [21], [26], [], [17, 19, 18], [], [11], [21], [21], [21, 11], [], [21], [25, 17, 18], [21], [21], [21], [22], [21], [], [21], [21], [21], [], [], [21, 17], [21], [], [24], [11], [11, 21], [25, 18, 21], [], [11, 6, 22], [21], [], [17], [14, 18], [11, 13], [6, 21], [], [11, 21], [25], [], [18, 17], [], [21], [], [11, 21], [], [17], [], [21], [21], [21], [11, 21], [21], [21, 6], [6], [21], [], [11], [], [11], [17, 18], [], [9]], [[21], [], [21], [11, 21], [13], [25, 21], [21], [17, 18], [], [26, 21], [], [17, 18], [25, 21], [11, 21], [21], [], [22], [21], [23], [11, 13], [], [19, 21], [17], [17], [11], [], [22], [17], [21], [], [], [21], [21, 11], [11], [], [], [8], [21, 17], [], [25], [], [], [17], [17], [22, 21], [25, 18, 19], [], [21], [25, 21], [], [21], [], [21, 26], [21], [21], [21, 17], [], [11, 21], [22], [22], [], [], [21], [], [11], [22], [], [21, 13], [7], [21], [21], [21, 6], [18, 25, 14], [2, 6], [8], [11], [21], [], [25], [21, 11], [18], [], [13, 21, 25], [25, 13, 17], [21], [21, 11], [14, 18, 17, 21], [18, 21, 17], [], [], [25, 19], [], [], [17, 25], [], [11], [21], [14, 18], [], [7], [17], [], [21, 13, 25], [], [17], [], [21], [21, 5], [18, 19, 17], [], [], [], [11, 6], [], [], [11], [22], [21], [11], [], [11, 6], [17], [21], [21], [], [6], [], [25, 21]], [[21], [18], [18], [11], [], [11], [17], [11, 21], [], [21, 6], [11, 21], [], [21], [22], [], [], [11], [13, 17], [], [], [], [], [11], [21, 11], [], [9], [], [], [21], [], [22, 21], [], [21], [21], [21], [19, 17, 18], [17], [11], [], [], [], [], [18, 13], [], [18, 14, 21], [21], [], [21], [18], [21, 11], [22], [21], [22, 21], [11, 21], [25, 21, 18], [], [21], [8], [18, 14], [6, 21], [21], [6], [25], [21], [], [11], [18, 17, 21], [], [21], [], [21], [], [21], [17], [17, 19, 21], [], [], [], [11], [25, 18], [21], [21], [13], [11], [], [], [12, 21], [11, 13], [22], [13], [], [11, 21], [22], [17, 18], [21], [21, 11], [], [11], [17], [11], [21, 17, 25], [11], [21], [], [17], [18, 17, 10], [11, 21], [25, 11], [21, 25, 17], [21, 11], [11], [21], [17], [7], [], [], [11, 6], [25], [], [], [22], [21], [], [], [25], [18], [11], [11]], [[], [11, 21], [25], [21], [11, 22, 12], [21], [11], [22], [11, 21], [21], [21, 11], [21], [21, 13], [11], [25], [], [8], [], [], [17], [18, 14], [18, 14, 17, 25], [], [18], [18, 20, 14, 25, 17], [6, 11], [21], [21, 11], [17], [], [21], [22, 13], [18], [], [], [], [], [21], [13, 21], [21], [21, 6], [], [], [17], [18, 17], [25, 11], [1, 21], [], [], [21], [11, 21], [], [], [11, 21], [21], [14, 21, 17], [21], [], [17], [11], [21], [21], [11, 6], [21], [], [6, 21], [], [17, 18], [13], [], [21], [21], [], [11], [], [], [14, 25, 17], [], [18, 17], [], [11, 25], [21, 13], [], [11], [21], [11], [11, 21], [], [11], [21], [18], [21, 11, 22], [6, 21], [21], [6, 22], [], [21], [25], [11], [6, 21], [11, 21], [21], [17, 14], [25, 13], [17], [], [], [18], [6], [], [11], [11, 6], [26, 21], [21, 22], [], [], [], [14, 13], [21], [21], [21], [11], [], [11], [21], [6], [21, 13], []], [[21], [21, 11], [], [14, 25], [21], [9], [11], [11], [11], [21], [21], [6, 21], [7], [11, 25], [17, 21], [21, 11], [18, 19, 21, 13, 17, 20], [], [], [25, 17], [21, 26], [6, 11], [13], [11, 21], [25, 18], [21], [21, 22], [], [11], [6, 13], [11], [13, 21], [18], [6, 21, 26], [22], [], [13, 14, 17], [], [24, 17], [11], [], [26], [11, 6], [21], [11, 6], [6], [21], [], [], [21], [], [], [17], [21, 22], [11], [18, 14], [18, 17], [21, 22], [21], [11], [21], [26, 21], [14, 17], [21], [17, 25], [18], [25, 17], [25, 21, 17], [17], [21, 25], [], [21], [17], [11], [21], [6, 21], [21], [18], [6, 21], [13, 25, 14], [], [11, 21], [18, 21, 17, 25], [], [25, 18], [], [21], [11], [23, 22], [], [22], [], [], [], [21, 13], [25, 21], [11], [21], [21, 11], [21], [21], [21, 23], [], [21], [25, 21], [11], [20, 17, 13], [11, 21], [18], [25], [21], [], [], [21], [11], [18, 25], [6], [], [17, 18], [11, 21], [], [6], [21, 19, 14], [21, 13], [21], [11, 21], [22], [21]], [[21], [21], [], [], [11, 21], [11], [21], [21], [25, 19, 20, 18], [17, 18], [], [], [17, 18], [], [], [], [17], [25], [11], [21], [8], [18], [12, 24, 14], [], [21], [17], [], [21], [21], [11], [], [11, 22], [21], [19, 17], [21], [11, 21], [], [], [17], [], [17, 18, 25], [22], [], [11], [], [21, 11], [13, 18, 14], [11, 21], [], [21, 22], [11, 21], [21, 11], [], [], [17], [21], [], [21], [], [22, 21], [], [21], [11], [11, 21], [21], [], [21], [21], [18], [21, 11], [6, 21], [21, 22], [13, 17], [11], [17], [11], [21], [18], [21], [11, 21], [19, 17, 18], [], [], [21], [], [21], [], [21], [21], [], [], [25, 21], [14, 25], [], [21], [17, 18], [12], [21], [21], [], [], [], [11], [18, 25], [], [], [11], [], [], [], [], [], [11, 21], [], [25], [22], [26, 21, 11], [6, 21], [], [13], [], [], [21, 6], [22, 21, 11], [21, 22], [], [13, 2], [11]], [[21], [21, 6], [], [21], [], [13], [], [], [], [17, 21], [], [11, 25], [], [], [11, 21], [21], [17], [13], [18, 17], [11], [], [21], [], [8], [17], [11], [], [18, 17, 14], [11], [21], [14, 21], [14, 25, 17, 20, 18], [21], [11], [11, 21], [25, 21], [25, 21], [11], [21], [13, 25], [17, 25], [11], [6, 11], [], [17, 20], [21], [], [25, 14, 17], [], [17, 21], [21, 11], [11], [], [], [], [21], [], [11, 21], [], [11], [21, 9], [6, 21], [], [], [11, 6], [21], [], [11], [21], [17, 25], [21], [11, 6, 21], [21], [21, 6], [11], [21], [], [11], [13, 18], [], [21], [17, 13, 18], [21, 13], [21], [], [], [17, 18, 25], [18, 14], [21], [], [], [21], [], [11, 21], [], [], [11, 6], [11, 13, 21], [21, 18, 25], [], [21], [17], [17, 25], [17, 25], [21], [11], [], [21], [], [25, 11, 21, 22], [25, 21], [11], [14], [21], [18, 14, 17], [], [], [], [], [14, 17, 25], [21], [21], [25, 18, 19, 20], [11], [6], [21], [11], [25, 17]], [[22], [22], [11], [], [21], [21], [21, 11], [11], [11, 21], [11, 21], [21, 22], [11], [17, 18, 21], [], [], [14], [18, 14, 17], [11, 6], [25], [14], [17], [21, 11], [17], [], [14], [11], [], [], [21, 22], [18, 14, 17], [21], [18], [21], [18, 17], [11], [25, 14], [21, 14], [11, 21], [18, 14, 13, 20], [11], [25], [25], [26, 21], [20], [18], [], [], [], [21, 13, 25, 19], [21], [21], [21, 11], [6, 21], [], [6], [21], [], [21], [22, 2], [18, 17], [], [], [], [18, 20], [], [], [], [21], [17, 14], [], [], [], [], [21], [11], [25, 17], [], [17, 18], [22], [], [25, 17], [], [], [6], [6], [21], [17, 21], [], [6, 11], [13], [21], [25, 17, 14], [], [], [21], [21], [13], [21], [], [21], [18, 14], [], [], [17, 18], [], [21], [13], [17], [21], [21, 11], [6, 11], [], [11], [], [], [], [], [], [], [22], [11], [18], [12], [], [], [], [21], []], [[], [6], [11], [], [21], [], [11, 25, 21], [22], [25, 22, 21], [21], [14, 25, 19], [], [18, 13, 17], [21, 25, 14, 17], [], [21], [21], [21], [18], [17], [21, 18, 17], [], [11], [21], [18], [21], [], [11, 6, 21], [11], [21], [11], [18, 21], [], [], [21], [21], [11], [26, 21], [17], [21], [21], [21, 13], [22], [13, 17], [21], [18], [21], [], [11], [14, 17], [18], [], [11, 6, 21], [9], [6, 21, 25], [11], [], [], [11], [21], [21, 18], [17, 18, 21], [14, 20], [17], [], [], [], [21], [], [11], [], [21, 11], [14, 17], [21, 22], [], [26], [17], [11, 6], [18], [21], [], [17], [6, 11, 21], [21, 25, 17], [17], [], [21], [25], [], [24, 21, 22], [6], [], [11], [25], [21, 6], [], [22], [], [21], [17], [13], [21], [17], [], [20], [21], [25], [11], [17], [21], [13], [17, 18], [21], [11], [], [], [], [25], [6], [18, 17, 14], [18], [18, 14], [], [9, 21], [18], [], [], [21]]]

=== DATA SHAPE CHECK ===
Audio embeddings: (36637, 1536)
ST encodings: (36637, 165)
Labels multi-hot: (36637, 27)
(36637, 1536)
(36637, 165)
(36637, 27)
Dataset using numpy arrays
36637
Class 0 (pretrain 1747): AUROC=0.717, AP=0.000, positives=1.0
Class 1 (pretrain 2032): AUROC=0.930, AP=0.122, positives=42.0
Class 2 (pretrain 7883): AUROC=0.963, AP=0.101, positives=48.0
Class 3 (pretrain 7399): AUROC=0.913, AP=0.003, positives=3.0
Class 4 (pretrain 5207): AUROC=0.962, AP=0.001, positives=2.0
Class 5 (pretrain 370): AUROC=0.955, AP=0.047, positives=24.0
Class 6 (pretrain 11443): AUROC=0.938, AP=0.734, positives=2160.0
Class 7 (pretrain 6170): AUROC=0.999, AP=0.886, positives=297.0
Class 8 (pretrain 11497): AUROC=0.969, AP=0.674, positives=350.0
Class 9 (pretrain 1878): AUROC=0.895, AP=0.048, positives=130.0
Class 10 (pretrain 2591): AUROC=0.863, AP=0.182, positives=88.0
Class 11 (pretrain 336): AUROC=0.966, AP=0.922, positives=6854.0
Class 12 (pretrain 6143): AUROC=0.726, AP=0.033, positives=102.0
Class 13 (pretrain 14726): AUROC=0.844, AP=0.360, positives=1446.0
Class 14 (pretrain 8373): AUROC=0.918, AP=0.508, positives=1349.0
Class 15 (pretrain 4833): AUROC=0.799, AP=0.003, positives=4.0
Class 16 (pretrain 7428): AUROC=0.950, AP=0.234, positives=12.0
Class 17 (pretrain 4301): AUROC=0.852, AP=0.569, positives=4175.0
Class 18 (pretrain 6091): AUROC=0.867, AP=0.418, positives=2967.0
Class 19 (pretrain 7441): AUROC=0.806, AP=0.063, positives=465.0
Class 20 (pretrain 7440): AUROC=0.824, AP=0.093, positives=546.0
Class 21 (pretrain 2697): AUROC=0.832, AP=0.763, positives=12403.0
Class 22 (pretrain 5819): AUROC=0.827, AP=0.320, positives=1704.0
Class 23 (pretrain 3636): AUROC=0.956, AP=0.298, positives=119.0
Class 24 (pretrain 2247): AUROC=0.903, AP=0.396, positives=122.0
Class 25 (pretrain 6933): AUROC=0.925, AP=0.658, positives=2720.0
Class 26 (pretrain 5368): AUROC=0.528, AP=0.080, positives=496.0
Audio-only scores: {'macro_auroc': np.float64(0.8750657342230158), 'cmap': np.float64(0.3154195567159544), 'micro_auroc': 0.8798111496899987, 'micro_map': 0.4494673218657699, 'auroc_per_class': [0.7171088546784583, 0.9299247229975471, 0.9626891506554793, 0.9133864715837747, 0.9615531595468814, 0.9549556623785723, 0.9379549799168312, 0.9992112002431209, 0.9691357392848285, 0.8954255348289368, 0.8632219137944329, 0.9664200414512754, 0.7257461955632123, 0.8440997719891995, 0.9183245555495989, 0.7987879780525755, 0.9497315130830489, 0.8515424981470735, 0.8672313125801497, 0.8055844002192629, 0.8240465467682779, 0.8315090389863069, 0.8273260086478085, 0.9559827983989478, 0.9025167065858853, 0.9253937542599668, 0.5279643138299723], 'ap_per_class': [9.64785335262904e-05, 0.1224643910003696, 0.10148294905457855, 0.0028167792153546713, 0.001065847387012509, 0.047094014507812476, 0.7342727748306177, 0.8860648061238632, 0.6741583690855799, 0.048200700656156406, 0.18163309397293423, 0.9215273366272112, 0.03260682065624743, 0.36045383481985216, 0.5079877413237933, 0.0034014992757773095, 0.2338528736885579, 0.5693137683884346, 0.4176806836796826, 0.06300786424340134, 0.09254405808009547, 0.7628992287744821, 0.3196277786242774, 0.2980847060006358, 0.3957765580862658, 0.658461034869835, 0.07975203982441242], 'class_info': [{'class_idx': 0, 'pretrain_idx': 1747, 'n_positives': np.float32(1.0), 'auroc': 0.7171088546784583, 'ap': 9.64785335262904e-05}, {'class_idx': 1, 'pretrain_idx': 2032, 'n_positives': np.float32(42.0), 'auroc': 0.9299247229975471, 'ap': 0.1224643910003696}, {'class_idx': 2, 'pretrain_idx': 7883, 'n_positives': np.float32(48.0), 'auroc': 0.9626891506554793, 'ap': 0.10148294905457855}, {'class_idx': 3, 'pretrain_idx': 7399, 'n_positives': np.float32(3.0), 'auroc': 0.9133864715837747, 'ap': 0.0028167792153546713}, {'class_idx': 4, 'pretrain_idx': 5207, 'n_positives': np.float32(2.0), 'auroc': 0.9615531595468814, 'ap': 0.001065847387012509}, {'class_idx': 5, 'pretrain_idx': 370, 'n_positives': np.float32(24.0), 'auroc': 0.9549556623785723, 'ap': 0.047094014507812476}, {'class_idx': 6, 'pretrain_idx': 11443, 'n_positives': np.float32(2160.0), 'auroc': 0.9379549799168312, 'ap': 0.7342727748306177}, {'class_idx': 7, 'pretrain_idx': 6170, 'n_positives': np.float32(297.0), 'auroc': 0.9992112002431209, 'ap': 0.8860648061238632}, {'class_idx': 8, 'pretrain_idx': 11497, 'n_positives': np.float32(350.0), 'auroc': 0.9691357392848285, 'ap': 0.6741583690855799}, {'class_idx': 9, 'pretrain_idx': 1878, 'n_positives': np.float32(130.0), 'auroc': 0.8954255348289368, 'ap': 0.048200700656156406}, {'class_idx': 10, 'pretrain_idx': 2591, 'n_positives': np.float32(88.0), 'auroc': 0.8632219137944329, 'ap': 0.18163309397293423}, {'class_idx': 11, 'pretrain_idx': 336, 'n_positives': np.float32(6854.0), 'auroc': 0.9664200414512754, 'ap': 0.9215273366272112}, {'class_idx': 12, 'pretrain_idx': 6143, 'n_positives': np.float32(102.0), 'auroc': 0.7257461955632123, 'ap': 0.03260682065624743}, {'class_idx': 13, 'pretrain_idx': 14726, 'n_positives': np.float32(1446.0), 'auroc': 0.8440997719891995, 'ap': 0.36045383481985216}, {'class_idx': 14, 'pretrain_idx': 8373, 'n_positives': np.float32(1349.0), 'auroc': 0.9183245555495989, 'ap': 0.5079877413237933}, {'class_idx': 15, 'pretrain_idx': 4833, 'n_positives': np.float32(4.0), 'auroc': 0.7987879780525755, 'ap': 0.0034014992757773095}, {'class_idx': 16, 'pretrain_idx': 7428, 'n_positives': np.float32(12.0), 'auroc': 0.9497315130830489, 'ap': 0.2338528736885579}, {'class_idx': 17, 'pretrain_idx': 4301, 'n_positives': np.float32(4175.0), 'auroc': 0.8515424981470735, 'ap': 0.5693137683884346}, {'class_idx': 18, 'pretrain_idx': 6091, 'n_positives': np.float32(2967.0), 'auroc': 0.8672313125801497, 'ap': 0.4176806836796826}, {'class_idx': 19, 'pretrain_idx': 7441, 'n_positives': np.float32(465.0), 'auroc': 0.8055844002192629, 'ap': 0.06300786424340134}, {'class_idx': 20, 'pretrain_idx': 7440, 'n_positives': np.float32(546.0), 'auroc': 0.8240465467682779, 'ap': 0.09254405808009547}, {'class_idx': 21, 'pretrain_idx': 2697, 'n_positives': np.float32(12403.0), 'auroc': 0.8315090389863069, 'ap': 0.7628992287744821}, {'class_idx': 22, 'pretrain_idx': 5819, 'n_positives': np.float32(1704.0), 'auroc': 0.8273260086478085, 'ap': 0.3196277786242774}, {'class_idx': 23, 'pretrain_idx': 3636, 'n_positives': np.float32(119.0), 'auroc': 0.9559827983989478, 'ap': 0.2980847060006358}, {'class_idx': 24, 'pretrain_idx': 2247, 'n_positives': np.float32(122.0), 'auroc': 0.9025167065858853, 'ap': 0.3957765580862658}, {'class_idx': 25, 'pretrain_idx': 6933, 'n_positives': np.float32(2720.0), 'auroc': 0.9253937542599668, 'ap': 0.658461034869835}, {'class_idx': 26, 'pretrain_idx': 5368, 'n_positives': np.float32(496.0), 'auroc': 0.5279643138299723, 'ap': 0.07975203982441242}], 'n_valid_classes': 27, 'all_probs': array([[0.3144204 , 0.73204494, 0.5596332 , ..., 0.59736806, 0.24152963,
        0.3481849 ],
       [0.5247278 , 0.5011534 , 0.9332044 , ..., 0.9446991 , 0.1843069 ,
        0.18632561],
       [0.18093349, 0.3544114 , 0.2762416 , ..., 0.58608323, 0.20880584,
        0.3602929 ],
       ...,
       [0.442735  , 0.80632854, 0.78288805, ..., 0.8500196 , 0.31493828,
        0.37091914],
       [0.2331227 , 0.9337343 , 0.98654824, ..., 0.9917801 , 0.18735895,
        0.22492552],
       [0.19717751, 0.5146749 , 0.78706086, ..., 0.54763544, 0.29863197,
        0.15706581]], dtype=float32), 'all_labels': array([[0., 0., 0., ..., 0., 0., 0.],
       [0., 0., 0., ..., 0., 0., 0.],
       [0., 0., 0., ..., 0., 0., 0.],
       ...,
       [0., 0., 0., ..., 0., 0., 0.],
       [0., 0., 0., ..., 0., 0., 0.],
       [0., 0., 0., ..., 0., 0., 0.]], dtype=float32)}
Class 0 (pretrain 1747): AUROC=0.250, AP=0.000, positives=1.0
Class 1 (pretrain 2032): AUROC=0.971, AP=0.122, positives=42.0
Class 2 (pretrain 7883): AUROC=0.966, AP=0.170, positives=48.0
Class 3 (pretrain 7399): AUROC=0.309, AP=0.000, positives=3.0
Class 4 (pretrain 5207): AUROC=0.826, AP=0.000, positives=2.0
Class 5 (pretrain 370): AUROC=0.877, AP=0.026, positives=24.0
Class 6 (pretrain 11443): AUROC=0.883, AP=0.570, positives=2160.0
Class 7 (pretrain 6170): AUROC=0.269, AP=0.005, positives=297.0
Class 8 (pretrain 11497): AUROC=0.994, AP=0.826, positives=350.0
Class 9 (pretrain 1878): AUROC=0.884, AP=0.031, positives=130.0
Class 10 (pretrain 2591): AUROC=0.876, AP=0.181, positives=88.0
Class 11 (pretrain 336): AUROC=0.965, AP=0.923, positives=6854.0
Class 12 (pretrain 6143): AUROC=0.750, AP=0.059, positives=102.0
Class 13 (pretrain 14726): AUROC=0.838, AP=0.368, positives=1446.0
Class 14 (pretrain 8373): AUROC=0.969, AP=0.626, positives=1349.0
Class 15 (pretrain 4833): AUROC=0.709, AP=0.005, positives=4.0
Class 16 (pretrain 7428): AUROC=0.993, AP=0.233, positives=12.0
Class 17 (pretrain 4301): AUROC=0.932, AP=0.682, positives=4175.0
Class 18 (pretrain 6091): AUROC=0.909, AP=0.483, positives=2967.0
Class 19 (pretrain 7441): AUROC=0.900, AP=0.087, positives=465.0
Class 20 (pretrain 7440): AUROC=0.914, AP=0.116, positives=546.0
Class 21 (pretrain 2697): AUROC=0.908, AP=0.856, positives=12403.0
Class 22 (pretrain 5819): AUROC=0.789, AP=0.276, positives=1704.0
Class 23 (pretrain 3636): AUROC=0.917, AP=0.239, positives=119.0
Class 24 (pretrain 2247): AUROC=0.928, AP=0.448, positives=122.0
Class 25 (pretrain 6933): AUROC=0.924, AP=0.644, positives=2720.0
Class 26 (pretrain 5368): AUROC=0.530, AP=0.060, positives=496.0
Spatiotemporally-aware scores: {'macro_auroc': np.float64(0.8140404222294599), 'cmap': np.float64(0.297652420728783), 'micro_auroc': 0.8657734056577162, 'micro_map': 0.4978914156579236, 'auroc_per_class': [0.24950867998689819, 0.9714591506776231, 0.965603847240063, 0.30906625903077284, 0.826245393749147, 0.8771383570498639, 0.8827654292340896, 0.26879958083865624, 0.9937156557444815, 0.8838916035070197, 0.8756843241576066, 0.9651729040624665, 0.7502769302602662, 0.838380685477194, 0.968983475420889, 0.7093331149510004, 0.9926530147895335, 0.9318519525547513, 0.9092174948090015, 0.8997383766211375, 0.9137141939641179, 0.9084004626583148, 0.7887796259613808, 0.9169064087653791, 0.9283409243450367, 0.9235476548286561, 0.529915899510073], 'ap_per_class': [3.636892638929299e-05, 0.12235656532794434, 0.17022870141240198, 0.00013263106080811746, 0.0003330785086153087, 0.02556519344418068, 0.569831519901959, 0.005062563539845915, 0.8262190654746905, 0.031320259341787525, 0.18084665018694038, 0.9231885004189564, 0.058947944421465774, 0.3677358228246066, 0.6258210121044602, 0.00504814094053409, 0.23300169491640718, 0.6818142727745876, 0.4830134937670155, 0.08693087019551476, 0.11618377261579896, 0.8562112870429475, 0.2759535823604947, 0.2393373413545543, 0.44770779488273105, 0.6441298569346167, 0.05965737499688677], 'class_info': [{'class_idx': 0, 'pretrain_idx': 1747, 'n_positives': np.float32(1.0), 'auroc': 0.24950867998689819, 'ap': 3.636892638929299e-05}, {'class_idx': 1, 'pretrain_idx': 2032, 'n_positives': np.float32(42.0), 'auroc': 0.9714591506776231, 'ap': 0.12235656532794434}, {'class_idx': 2, 'pretrain_idx': 7883, 'n_positives': np.float32(48.0), 'auroc': 0.965603847240063, 'ap': 0.17022870141240198}, {'class_idx': 3, 'pretrain_idx': 7399, 'n_positives': np.float32(3.0), 'auroc': 0.30906625903077284, 'ap': 0.00013263106080811746}, {'class_idx': 4, 'pretrain_idx': 5207, 'n_positives': np.float32(2.0), 'auroc': 0.826245393749147, 'ap': 0.0003330785086153087}, {'class_idx': 5, 'pretrain_idx': 370, 'n_positives': np.float32(24.0), 'auroc': 0.8771383570498639, 'ap': 0.02556519344418068}, {'class_idx': 6, 'pretrain_idx': 11443, 'n_positives': np.float32(2160.0), 'auroc': 0.8827654292340896, 'ap': 0.569831519901959}, {'class_idx': 7, 'pretrain_idx': 6170, 'n_positives': np.float32(297.0), 'auroc': 0.26879958083865624, 'ap': 0.005062563539845915}, {'class_idx': 8, 'pretrain_idx': 11497, 'n_positives': np.float32(350.0), 'auroc': 0.9937156557444815, 'ap': 0.8262190654746905}, {'class_idx': 9, 'pretrain_idx': 1878, 'n_positives': np.float32(130.0), 'auroc': 0.8838916035070197, 'ap': 0.031320259341787525}, {'class_idx': 10, 'pretrain_idx': 2591, 'n_positives': np.float32(88.0), 'auroc': 0.8756843241576066, 'ap': 0.18084665018694038}, {'class_idx': 11, 'pretrain_idx': 336, 'n_positives': np.float32(6854.0), 'auroc': 0.9651729040624665, 'ap': 0.9231885004189564}, {'class_idx': 12, 'pretrain_idx': 6143, 'n_positives': np.float32(102.0), 'auroc': 0.7502769302602662, 'ap': 0.058947944421465774}, {'class_idx': 13, 'pretrain_idx': 14726, 'n_positives': np.float32(1446.0), 'auroc': 0.838380685477194, 'ap': 0.3677358228246066}, {'class_idx': 14, 'pretrain_idx': 8373, 'n_positives': np.float32(1349.0), 'auroc': 0.968983475420889, 'ap': 0.6258210121044602}, {'class_idx': 15, 'pretrain_idx': 4833, 'n_positives': np.float32(4.0), 'auroc': 0.7093331149510004, 'ap': 0.00504814094053409}, {'class_idx': 16, 'pretrain_idx': 7428, 'n_positives': np.float32(12.0), 'auroc': 0.9926530147895335, 'ap': 0.23300169491640718}, {'class_idx': 17, 'pretrain_idx': 4301, 'n_positives': np.float32(4175.0), 'auroc': 0.9318519525547513, 'ap': 0.6818142727745876}, {'class_idx': 18, 'pretrain_idx': 6091, 'n_positives': np.float32(2967.0), 'auroc': 0.9092174948090015, 'ap': 0.4830134937670155}, {'class_idx': 19, 'pretrain_idx': 7441, 'n_positives': np.float32(465.0), 'auroc': 0.8997383766211375, 'ap': 0.08693087019551476}, {'class_idx': 20, 'pretrain_idx': 7440, 'n_positives': np.float32(546.0), 'auroc': 0.9137141939641179, 'ap': 0.11618377261579896}, {'class_idx': 21, 'pretrain_idx': 2697, 'n_positives': np.float32(12403.0), 'auroc': 0.9084004626583148, 'ap': 0.8562112870429475}, {'class_idx': 22, 'pretrain_idx': 5819, 'n_positives': np.float32(1704.0), 'auroc': 0.7887796259613808, 'ap': 0.2759535823604947}, {'class_idx': 23, 'pretrain_idx': 3636, 'n_positives': np.float32(119.0), 'auroc': 0.9169064087653791, 'ap': 0.2393373413545543}, {'class_idx': 24, 'pretrain_idx': 2247, 'n_positives': np.float32(122.0), 'auroc': 0.9283409243450367, 'ap': 0.44770779488273105}, {'class_idx': 25, 'pretrain_idx': 6933, 'n_positives': np.float32(2720.0), 'auroc': 0.9235476548286561, 'ap': 0.6441298569346167}, {'class_idx': 26, 'pretrain_idx': 5368, 'n_positives': np.float32(496.0), 'auroc': 0.529915899510073, 'ap': 0.05965737499688677}], 'n_valid_classes': 27, 'all_probs': array([[0.31051263, 0.25155076, 0.00630212, ..., 0.06456652, 0.09618086,
        0.07323657],
       [0.42751148, 0.27957213, 0.03336593, ..., 0.13258678, 0.14334716,
        0.04599586],
       [0.23205985, 0.14740698, 0.00412234, ..., 0.08627631, 0.11652989,
        0.10936397],
       ...,
       [0.33517596, 0.26598933, 0.0068048 , ..., 0.10104308, 0.09282206,
        0.08847451],
       [0.29389936, 0.28988487, 0.01838016, ..., 0.24220672, 0.11272711,
        0.0771592 ],
       [0.28736484, 0.15668578, 0.00899951, ..., 0.03831846, 0.18488713,
        0.07587449]], dtype=float32), 'all_labels': array([[0., 0., 0., ..., 0., 0., 0.],
       [0., 0., 0., ..., 0., 0., 0.],
       [0., 0., 0., ..., 0., 0., 0.],
       ...,
       [0., 0., 0., ..., 0., 0., 0.],
       [0., 0., 0., ..., 0., 0., 0.],
       [0., 0., 0., ..., 0., 0., 0.]], dtype=float32)}
Audio-only macro scores: AUROC 0.8750657342230158 cmAP 0.3154195567159544
Spatiotemporally-aware macro scores: AUROC 0.8140404222294599 cmAP: 0.297652420728783
UHH
4
