ExplicitMaxout parameters: 227,414,520
ExplicitMaxout parameters: 303,255,032
['0', '1', '2', '3', '4', '5', '6', '7', '8', '9']
['hawgoo', 'calqua', 'wiltur', 'kalphe', 'blkfra', 'chukar', 'ercfra', 'barpet', 'hawpet1', 'hawhaw']
[1747, 2032, 7883, 7399, 5207, 370, 11443, 6170, 11497, 1878, 2591, 336, 6143, 14726, 8373, 4833, 7428, 4301, 6091, 7441, 7440, 2697, 5819, 3636, 2247, 6933, 5368]
(36637, 165)
[[[11], [], [11], [], [11], [11, 21], [], [], [18, 14], [], [11, 21], [6], [21], [21], [25, 17], [21, 6], [25, 21], [6, 22], [21], [21, 11], [21, 11], [11], [], [6], [], [18, 17], [], [], [], [], [21], [21], [13, 21], [21], [25], [18], [11], [21], [21], [25], [22, 21], [], [], [11], [], [25, 21, 11], [6], [17], [6], [], [], [21, 17, 24], [11], [22], [18, 14, 13], [21], [21], [], [22, 25], [17, 25], [], [25, 18, 14, 17], [], [25, 14, 21], [17, 14], [22], [21], [], [], [], [21], [13, 11], [11], [21], [], [17, 13], [18, 17, 14], [], [21], [11, 21], [21], [11], [], [18, 20, 19], [21], [21, 2], [], [], [11], [21], [17, 21], [11], [21, 22], [22, 26, 21, 6], [], [21], [11], [14], [18], [11], [], [21, 13], [], [], [25, 21, 17], [13], [], [25, 21, 13], [17], [26], [], [17, 25], [17, 18, 12], [], [18], [11], [21], [11], [], [], [17, 18], [11], [21, 11], [11], [17], [25, 21], [21], [17, 14, 21]], [[], [21], [11], [21], [18, 13], [], [11], [], [], [21], [], [17], [21], [], [22], [21], [], [12, 21], [], [], [21], [11, 21, 6], [21], [], [17], [21, 13], [21], [7], [19, 17, 18], [11], [11, 21], [20, 17, 18], [17], [22], [21], [], [], [], [6], [25], [19, 18], [], [21], [7], [11], [21], [], [], [], [11], [18, 21, 17], [11], [], [11], [18, 17], [21], [21, 17, 18], [], [14], [22], [21, 25], [18], [], [21], [26], [], [17, 19, 18], [], [11], [21], [21], [21, 11], [], [21], [25, 17, 18], [21], [21], [21], [22], [21], [], [21], [21], [21], [], [], [21, 17], [21], [], [24], [11], [11, 21], [25, 18, 21], [], [11, 6, 22], [21], [], [17], [14, 18], [11, 13], [6, 21], [], [11, 21], [25], [], [18, 17], [], [21], [], [11, 21], [], [17], [], [21], [21], [21], [11, 21], [21], [21, 6], [6], [21], [], [11], [], [11], [17, 18], [], [9]], [[21], [], [21], [11, 21], [13], [25, 21], [21], [17, 18], [], [26, 21], [], [17, 18], [25, 21], [11, 21], [21], [], [22], [21], [23], [11, 13], [], [19, 21], [17], [17], [11], [], [22], [17], [21], [], [], [21], [21, 11], [11], [], [], [8], [21, 17], [], [25], [], [], [17], [17], [22, 21], [25, 18, 19], [], [21], [25, 21], [], [21], [], [21, 26], [21], [21], [21, 17], [], [11, 21], [22], [22], [], [], [21], [], [11], [22], [], [21, 13], [7], [21], [21], [21, 6], [18, 25, 14], [2, 6], [8], [11], [21], [], [25], [21, 11], [18], [], [13, 21, 25], [25, 13, 17], [21], [21, 11], [14, 18, 17, 21], [18, 21, 17], [], [], [25, 19], [], [], [17, 25], [], [11], [21], [14, 18], [], [7], [17], [], [21, 13, 25], [], [17], [], [21], [21, 5], [18, 19, 17], [], [], [], [11, 6], [], [], [11], [22], [21], [11], [], [11, 6], [17], [21], [21], [], [6], [], [25, 21]], [[21], [18], [18], [11], [], [11], [17], [11, 21], [], [21, 6], [11, 21], [], [21], [22], [], [], [11], [13, 17], [], [], [], [], [11], [21, 11], [], [9], [], [], [21], [], [22, 21], [], [21], [21], [21], [19, 17, 18], [17], [11], [], [], [], [], [18, 13], [], [18, 14, 21], [21], [], [21], [18], [21, 11], [22], [21], [22, 21], [11, 21], [25, 21, 18], [], [21], [8], [18, 14], [6, 21], [21], [6], [25], [21], [], [11], [18, 17, 21], [], [21], [], [21], [], [21], [17], [17, 19, 21], [], [], [], [11], [25, 18], [21], [21], [13], [11], [], [], [12, 21], [11, 13], [22], [13], [], [11, 21], [22], [17, 18], [21], [21, 11], [], [11], [17], [11], [21, 17, 25], [11], [21], [], [17], [18, 17, 10], [11, 21], [25, 11], [21, 25, 17], [21, 11], [11], [21], [17], [7], [], [], [11, 6], [25], [], [], [22], [21], [], [], [25], [18], [11], [11]], [[], [11, 21], [25], [21], [11, 22, 12], [21], [11], [22], [11, 21], [21], [21, 11], [21], [21, 13], [11], [25], [], [8], [], [], [17], [18, 14], [18, 14, 17, 25], [], [18], [18, 20, 14, 25, 17], [6, 11], [21], [21, 11], [17], [], [21], [22, 13], [18], [], [], [], [], [21], [13, 21], [21], [21, 6], [], [], [17], [18, 17], [25, 11], [1, 21], [], [], [21], [11, 21], [], [], [11, 21], [21], [14, 21, 17], [21], [], [17], [11], [21], [21], [11, 6], [21], [], [6, 21], [], [17, 18], [13], [], [21], [21], [], [11], [], [], [14, 25, 17], [], [18, 17], [], [11, 25], [21, 13], [], [11], [21], [11], [11, 21], [], [11], [21], [18], [21, 11, 22], [6, 21], [21], [6, 22], [], [21], [25], [11], [6, 21], [11, 21], [21], [17, 14], [25, 13], [17], [], [], [18], [6], [], [11], [11, 6], [26, 21], [21, 22], [], [], [], [14, 13], [21], [21], [21], [11], [], [11], [21], [6], [21, 13], []], [[21], [21, 11], [], [14, 25], [21], [9], [11], [11], [11], [21], [21], [6, 21], [7], [11, 25], [17, 21], [21, 11], [18, 19, 21, 13, 17, 20], [], [], [25, 17], [21, 26], [6, 11], [13], [11, 21], [25, 18], [21], [21, 22], [], [11], [6, 13], [11], [13, 21], [18], [6, 21, 26], [22], [], [13, 14, 17], [], [24, 17], [11], [], [26], [11, 6], [21], [11, 6], [6], [21], [], [], [21], [], [], [17], [21, 22], [11], [18, 14], [18, 17], [21, 22], [21], [11], [21], [26, 21], [14, 17], [21], [17, 25], [18], [25, 17], [25, 21, 17], [17], [21, 25], [], [21], [17], [11], [21], [6, 21], [21], [18], [6, 21], [13, 25, 14], [], [11, 21], [18, 21, 17, 25], [], [25, 18], [], [21], [11], [23, 22], [], [22], [], [], [], [21, 13], [25, 21], [11], [21], [21, 11], [21], [21], [21, 23], [], [21], [25, 21], [11], [20, 17, 13], [11, 21], [18], [25], [21], [], [], [21], [11], [18, 25], [6], [], [17, 18], [11, 21], [], [6], [21, 19, 14], [21, 13], [21], [11, 21], [22], [21]], [[21], [21], [], [], [11, 21], [11], [21], [21], [25, 19, 20, 18], [17, 18], [], [], [17, 18], [], [], [], [17], [25], [11], [21], [8], [18], [12, 24, 14], [], [21], [17], [], [21], [21], [11], [], [11, 22], [21], [19, 17], [21], [11, 21], [], [], [17], [], [17, 18, 25], [22], [], [11], [], [21, 11], [13, 18, 14], [11, 21], [], [21, 22], [11, 21], [21, 11], [], [], [17], [21], [], [21], [], [22, 21], [], [21], [11], [11, 21], [21], [], [21], [21], [18], [21, 11], [6, 21], [21, 22], [13, 17], [11], [17], [11], [21], [18], [21], [11, 21], [19, 17, 18], [], [], [21], [], [21], [], [21], [21], [], [], [25, 21], [14, 25], [], [21], [17, 18], [12], [21], [21], [], [], [], [11], [18, 25], [], [], [11], [], [], [], [], [], [11, 21], [], [25], [22], [26, 21, 11], [6, 21], [], [13], [], [], [21, 6], [22, 21, 11], [21, 22], [], [13, 2], [11]], [[21], [21, 6], [], [21], [], [13], [], [], [], [17, 21], [], [11, 25], [], [], [11, 21], [21], [17], [13], [18, 17], [11], [], [21], [], [8], [17], [11], [], [18, 17, 14], [11], [21], [14, 21], [14, 25, 17, 20, 18], [21], [11], [11, 21], [25, 21], [25, 21], [11], [21], [13, 25], [17, 25], [11], [6, 11], [], [17, 20], [21], [], [25, 14, 17], [], [17, 21], [21, 11], [11], [], [], [], [21], [], [11, 21], [], [11], [21, 9], [6, 21], [], [], [11, 6], [21], [], [11], [21], [17, 25], [21], [11, 6, 21], [21], [21, 6], [11], [21], [], [11], [13, 18], [], [21], [17, 13, 18], [21, 13], [21], [], [], [17, 18, 25], [18, 14], [21], [], [], [21], [], [11, 21], [], [], [11, 6], [11, 13, 21], [21, 18, 25], [], [21], [17], [17, 25], [17, 25], [21], [11], [], [21], [], [25, 11, 21, 22], [25, 21], [11], [14], [21], [18, 14, 17], [], [], [], [], [14, 17, 25], [21], [21], [25, 18, 19, 20], [11], [6], [21], [11], [25, 17]], [[22], [22], [11], [], [21], [21], [21, 11], [11], [11, 21], [11, 21], [21, 22], [11], [17, 18, 21], [], [], [14], [18, 14, 17], [11, 6], [25], [14], [17], [21, 11], [17], [], [14], [11], [], [], [21, 22], [18, 14, 17], [21], [18], [21], [18, 17], [11], [25, 14], [21, 14], [11, 21], [18, 14, 13, 20], [11], [25], [25], [26, 21], [20], [18], [], [], [], [21, 13, 25, 19], [21], [21], [21, 11], [6, 21], [], [6], [21], [], [21], [22, 2], [18, 17], [], [], [], [18, 20], [], [], [], [21], [17, 14], [], [], [], [], [21], [11], [25, 17], [], [17, 18], [22], [], [25, 17], [], [], [6], [6], [21], [17, 21], [], [6, 11], [13], [21], [25, 17, 14], [], [], [21], [21], [13], [21], [], [21], [18, 14], [], [], [17, 18], [], [21], [13], [17], [21], [21, 11], [6, 11], [], [11], [], [], [], [], [], [], [22], [11], [18], [12], [], [], [], [21], []], [[], [6], [11], [], [21], [], [11, 25, 21], [22], [25, 22, 21], [21], [14, 25, 19], [], [18, 13, 17], [21, 25, 14, 17], [], [21], [21], [21], [18], [17], [21, 18, 17], [], [11], [21], [18], [21], [], [11, 6, 21], [11], [21], [11], [18, 21], [], [], [21], [21], [11], [26, 21], [17], [21], [21], [21, 13], [22], [13, 17], [21], [18], [21], [], [11], [14, 17], [18], [], [11, 6, 21], [9], [6, 21, 25], [11], [], [], [11], [21], [21, 18], [17, 18, 21], [14, 20], [17], [], [], [], [21], [], [11], [], [21, 11], [14, 17], [21, 22], [], [26], [17], [11, 6], [18], [21], [], [17], [6, 11, 21], [21, 25, 17], [17], [], [21], [25], [], [24, 21, 22], [6], [], [11], [25], [21, 6], [], [22], [], [21], [17], [13], [21], [17], [], [20], [21], [25], [11], [17], [21], [13], [17, 18], [21], [11], [], [], [], [25], [6], [18, 17, 14], [18], [18, 14], [], [9, 21], [18], [], [], [21]]]

=== DATA SHAPE CHECK ===
Audio embeddings: (36637, 1536)
ST encodings: (36637, 165)
Labels multi-hot: (36637, 27)
(36637, 1536)
(36637, 165)
(36637, 27)
Dataset using numpy arrays
36637
Class 0 (pretrain 1747): AUROC=0.780, AP=0.000, positives=1.0
Class 1 (pretrain 2032): AUROC=0.909, AP=0.072, positives=42.0
Class 2 (pretrain 7883): AUROC=0.954, AP=0.097, positives=48.0
Class 3 (pretrain 7399): AUROC=0.781, AP=0.002, positives=3.0
Class 4 (pretrain 5207): AUROC=0.958, AP=0.001, positives=2.0
Class 5 (pretrain 370): AUROC=0.940, AP=0.054, positives=24.0
Class 6 (pretrain 11443): AUROC=0.914, AP=0.675, positives=2160.0
Class 7 (pretrain 6170): AUROC=0.999, AP=0.879, positives=297.0
Class 8 (pretrain 11497): AUROC=0.896, AP=0.344, positives=350.0
Class 9 (pretrain 1878): AUROC=0.814, AP=0.015, positives=130.0
Class 10 (pretrain 2591): AUROC=0.880, AP=0.216, positives=88.0
Class 11 (pretrain 336): AUROC=0.965, AP=0.920, positives=6854.0
Class 12 (pretrain 6143): AUROC=0.699, AP=0.038, positives=102.0
Class 13 (pretrain 14726): AUROC=0.838, AP=0.345, positives=1446.0
Class 14 (pretrain 8373): AUROC=0.879, AP=0.446, positives=1349.0
Class 15 (pretrain 4833): AUROC=0.751, AP=0.005, positives=4.0
Class 16 (pretrain 7428): AUROC=0.948, AP=0.210, positives=12.0
Class 17 (pretrain 4301): AUROC=0.839, AP=0.476, positives=4175.0
Class 18 (pretrain 6091): AUROC=0.876, AP=0.460, positives=2967.0
Class 19 (pretrain 7441): AUROC=0.814, AP=0.067, positives=465.0
Class 20 (pretrain 7440): AUROC=0.839, AP=0.114, positives=546.0
Class 21 (pretrain 2697): AUROC=0.838, AP=0.750, positives=12403.0
Class 22 (pretrain 5819): AUROC=0.835, AP=0.336, positives=1704.0
Class 23 (pretrain 3636): AUROC=0.950, AP=0.267, positives=119.0
Class 24 (pretrain 2247): AUROC=0.926, AP=0.402, positives=122.0
Class 25 (pretrain 6933): AUROC=0.933, AP=0.665, positives=2720.0
Class 26 (pretrain 5368): AUROC=0.536, AP=0.089, positives=496.0
Audio-only scores: {'macro_auroc': np.float64(0.8626462447788923), 'cmap': np.float64(0.29423963491182414), 'micro_auroc': 0.8885132301689384, 'micro_map': 0.46861139924144657, 'auroc_per_class': [0.7796156785675292, 0.9093195141152512, 0.9544529548953693, 0.7812687667194409, 0.9580728811246076, 0.9396286838008358, 0.9144573502571226, 0.9989259685462216, 0.8956779484191505, 0.8141285865092258, 0.8800366693281001, 0.964686370014969, 0.6993221648862089, 0.8378768847010857, 0.8790641959357957, 0.7510987361122484, 0.9476336746302617, 0.83940103896698, 0.8761100849068494, 0.814129594684417, 0.8390389707823418, 0.8378675582851391, 0.8350478158793312, 0.9502687980280012, 0.9255685402136558, 0.9326578973497587, 0.5360912813701889], 'ap_per_class': [0.0001238390092879257, 0.07234984492486968, 0.0970547441161732, 0.002414957795358384, 0.0009478274796453392, 0.05381778543202051, 0.6748721105239365, 0.8791721346755201, 0.34449712700765284, 0.015005926707325885, 0.21611764388541607, 0.9195349639210589, 0.037810225982360876, 0.3451784752299097, 0.44585448908909214, 0.004764510017575634, 0.2096334728021494, 0.4755873145738838, 0.45952640279276885, 0.06660849636026855, 0.11446998883912012, 0.7501659795745126, 0.3363341323514189, 0.26671833764337377, 0.40220018902302196, 0.6649435030559052, 0.08876571980562442], 'class_info': [{'class_idx': 0, 'pretrain_idx': 1747, 'n_positives': np.float32(1.0), 'auroc': 0.7796156785675292, 'ap': 0.0001238390092879257}, {'class_idx': 1, 'pretrain_idx': 2032, 'n_positives': np.float32(42.0), 'auroc': 0.9093195141152512, 'ap': 0.07234984492486968}, {'class_idx': 2, 'pretrain_idx': 7883, 'n_positives': np.float32(48.0), 'auroc': 0.9544529548953693, 'ap': 0.0970547441161732}, {'class_idx': 3, 'pretrain_idx': 7399, 'n_positives': np.float32(3.0), 'auroc': 0.7812687667194409, 'ap': 0.002414957795358384}, {'class_idx': 4, 'pretrain_idx': 5207, 'n_positives': np.float32(2.0), 'auroc': 0.9580728811246076, 'ap': 0.0009478274796453392}, {'class_idx': 5, 'pretrain_idx': 370, 'n_positives': np.float32(24.0), 'auroc': 0.9396286838008358, 'ap': 0.05381778543202051}, {'class_idx': 6, 'pretrain_idx': 11443, 'n_positives': np.float32(2160.0), 'auroc': 0.9144573502571226, 'ap': 0.6748721105239365}, {'class_idx': 7, 'pretrain_idx': 6170, 'n_positives': np.float32(297.0), 'auroc': 0.9989259685462216, 'ap': 0.8791721346755201}, {'class_idx': 8, 'pretrain_idx': 11497, 'n_positives': np.float32(350.0), 'auroc': 0.8956779484191505, 'ap': 0.34449712700765284}, {'class_idx': 9, 'pretrain_idx': 1878, 'n_positives': np.float32(130.0), 'auroc': 0.8141285865092258, 'ap': 0.015005926707325885}, {'class_idx': 10, 'pretrain_idx': 2591, 'n_positives': np.float32(88.0), 'auroc': 0.8800366693281001, 'ap': 0.21611764388541607}, {'class_idx': 11, 'pretrain_idx': 336, 'n_positives': np.float32(6854.0), 'auroc': 0.964686370014969, 'ap': 0.9195349639210589}, {'class_idx': 12, 'pretrain_idx': 6143, 'n_positives': np.float32(102.0), 'auroc': 0.6993221648862089, 'ap': 0.037810225982360876}, {'class_idx': 13, 'pretrain_idx': 14726, 'n_positives': np.float32(1446.0), 'auroc': 0.8378768847010857, 'ap': 0.3451784752299097}, {'class_idx': 14, 'pretrain_idx': 8373, 'n_positives': np.float32(1349.0), 'auroc': 0.8790641959357957, 'ap': 0.44585448908909214}, {'class_idx': 15, 'pretrain_idx': 4833, 'n_positives': np.float32(4.0), 'auroc': 0.7510987361122484, 'ap': 0.004764510017575634}, {'class_idx': 16, 'pretrain_idx': 7428, 'n_positives': np.float32(12.0), 'auroc': 0.9476336746302617, 'ap': 0.2096334728021494}, {'class_idx': 17, 'pretrain_idx': 4301, 'n_positives': np.float32(4175.0), 'auroc': 0.83940103896698, 'ap': 0.4755873145738838}, {'class_idx': 18, 'pretrain_idx': 6091, 'n_positives': np.float32(2967.0), 'auroc': 0.8761100849068494, 'ap': 0.45952640279276885}, {'class_idx': 19, 'pretrain_idx': 7441, 'n_positives': np.float32(465.0), 'auroc': 0.814129594684417, 'ap': 0.06660849636026855}, {'class_idx': 20, 'pretrain_idx': 7440, 'n_positives': np.float32(546.0), 'auroc': 0.8390389707823418, 'ap': 0.11446998883912012}, {'class_idx': 21, 'pretrain_idx': 2697, 'n_positives': np.float32(12403.0), 'auroc': 0.8378675582851391, 'ap': 0.7501659795745126}, {'class_idx': 22, 'pretrain_idx': 5819, 'n_positives': np.float32(1704.0), 'auroc': 0.8350478158793312, 'ap': 0.3363341323514189}, {'class_idx': 23, 'pretrain_idx': 3636, 'n_positives': np.float32(119.0), 'auroc': 0.9502687980280012, 'ap': 0.26671833764337377}, {'class_idx': 24, 'pretrain_idx': 2247, 'n_positives': np.float32(122.0), 'auroc': 0.9255685402136558, 'ap': 0.40220018902302196}, {'class_idx': 25, 'pretrain_idx': 6933, 'n_positives': np.float32(2720.0), 'auroc': 0.9326578973497587, 'ap': 0.6649435030559052}, {'class_idx': 26, 'pretrain_idx': 5368, 'n_positives': np.float32(496.0), 'auroc': 0.5360912813701889, 'ap': 0.08876571980562442}], 'n_valid_classes': 27, 'all_probs': array([[0.3752264 , 0.7260979 , 0.6230064 , ..., 0.6972124 , 0.24659246,
        0.25455874],
       [0.6862973 , 0.464707  , 0.9386682 , ..., 0.967277  , 0.20300707,
        0.2469359 ],
       [0.26536432, 0.3638742 , 0.36006886, ..., 0.6284777 , 0.25927588,
        0.46058825],
       ...,
       [0.52832055, 0.79619175, 0.7538821 , ..., 0.8354914 , 0.4465754 ,
        0.3462023 ],
       [0.2921931 , 0.90287644, 0.97489935, ..., 0.9945041 , 0.26925483,
        0.28523883],
       [0.19099073, 0.41514748, 0.6577652 , ..., 0.63521916, 0.6221355 ,
        0.23919986]], dtype=float32), 'all_labels': array([[0., 0., 0., ..., 0., 0., 0.],
       [0., 0., 0., ..., 0., 0., 0.],
       [0., 0., 0., ..., 0., 0., 0.],
       ...,
       [0., 0., 0., ..., 0., 0., 0.],
       [0., 0., 0., ..., 0., 0., 0.],
       [0., 0., 0., ..., 0., 0., 0.]], dtype=float32)}
Class 0 (pretrain 1747): AUROC=0.174, AP=0.000, positives=1.0
Class 1 (pretrain 2032): AUROC=0.948, AP=0.102, positives=42.0
Class 2 (pretrain 7883): AUROC=0.971, AP=0.305, positives=48.0
Class 3 (pretrain 7399): AUROC=0.500, AP=0.000, positives=3.0
Class 4 (pretrain 5207): AUROC=0.748, AP=0.000, positives=2.0
Class 5 (pretrain 370): AUROC=0.885, AP=0.041, positives=24.0
Class 6 (pretrain 11443): AUROC=0.888, AP=0.615, positives=2160.0
Class 7 (pretrain 6170): AUROC=0.252, AP=0.005, positives=297.0
Class 8 (pretrain 11497): AUROC=0.986, AP=0.607, positives=350.0
Class 9 (pretrain 1878): AUROC=0.888, AP=0.034, positives=130.0
Class 10 (pretrain 2591): AUROC=0.794, AP=0.167, positives=88.0
Class 11 (pretrain 336): AUROC=0.967, AP=0.927, positives=6854.0
Class 12 (pretrain 6143): AUROC=0.771, AP=0.070, positives=102.0
Class 13 (pretrain 14726): AUROC=0.816, AP=0.330, positives=1446.0
Class 14 (pretrain 8373): AUROC=0.966, AP=0.618, positives=1349.0
Class 15 (pretrain 4833): AUROC=0.713, AP=0.003, positives=4.0
Class 16 (pretrain 7428): AUROC=0.981, AP=0.218, positives=12.0
Class 17 (pretrain 4301): AUROC=0.891, AP=0.605, positives=4175.0
Class 18 (pretrain 6091): AUROC=0.887, AP=0.460, positives=2967.0
Class 19 (pretrain 7441): AUROC=0.907, AP=0.129, positives=465.0
Class 20 (pretrain 7440): AUROC=0.919, AP=0.137, positives=546.0
Class 21 (pretrain 2697): AUROC=0.910, AP=0.857, positives=12403.0
Class 22 (pretrain 5819): AUROC=0.789, AP=0.264, positives=1704.0
Class 23 (pretrain 3636): AUROC=0.932, AP=0.269, positives=119.0
Class 24 (pretrain 2247): AUROC=0.901, AP=0.384, positives=122.0
Class 25 (pretrain 6933): AUROC=0.905, AP=0.610, positives=2720.0
Class 26 (pretrain 5368): AUROC=0.521, AP=0.078, positives=496.0
Spatiotemporally-aware scores: {'macro_auroc': np.float64(0.8078492886339953), 'cmap': np.float64(0.2902047315947792), 'micro_auroc': 0.8892077656175008, 'micro_map': 0.528467552587924, 'auroc_per_class': [0.17444590020744621, 0.9484121562274316, 0.9714121730574763, 0.5004549507743262, 0.7478913607206223, 0.8845150629557808, 0.8884435033984008, 0.2524656767639707, 0.9864000094484842, 0.8876592687176958, 0.7941451264678303, 0.9667679867156206, 0.7705191369006887, 0.8159706349381343, 0.9664011344373079, 0.7131070346408975, 0.981287827076223, 0.8914836361409396, 0.8866366833505357, 0.9067311019394791, 0.9190417933179287, 0.9095132357655779, 0.7893751069283668, 0.9316211505687768, 0.900791724936754, 0.9050274328854695, 0.5214099838357116], 'ap_per_class': [3.30622231038815e-05, 0.1022306147196442, 0.3048218337372598, 0.0004438078337390356, 0.00016003889317436134, 0.041211916256724414, 0.614606520078013, 0.004912715172428335, 0.6066308379259054, 0.033779115656920586, 0.1667071945196814, 0.9266614523277288, 0.07018630040804025, 0.33036030162455565, 0.6178985400366324, 0.002652739156112517, 0.21805336665222677, 0.6052272884442838, 0.46004989919580846, 0.1291299847101392, 0.1368823680424079, 0.8569719563653814, 0.26438947584696176, 0.2694926134022916, 0.3840171785553897, 0.609670977522893, 0.0783456537515913], 'class_info': [{'class_idx': 0, 'pretrain_idx': 1747, 'n_positives': np.float32(1.0), 'auroc': 0.17444590020744621, 'ap': 3.30622231038815e-05}, {'class_idx': 1, 'pretrain_idx': 2032, 'n_positives': np.float32(42.0), 'auroc': 0.9484121562274316, 'ap': 0.1022306147196442}, {'class_idx': 2, 'pretrain_idx': 7883, 'n_positives': np.float32(48.0), 'auroc': 0.9714121730574763, 'ap': 0.3048218337372598}, {'class_idx': 3, 'pretrain_idx': 7399, 'n_positives': np.float32(3.0), 'auroc': 0.5004549507743262, 'ap': 0.0004438078337390356}, {'class_idx': 4, 'pretrain_idx': 5207, 'n_positives': np.float32(2.0), 'auroc': 0.7478913607206223, 'ap': 0.00016003889317436134}, {'class_idx': 5, 'pretrain_idx': 370, 'n_positives': np.float32(24.0), 'auroc': 0.8845150629557808, 'ap': 0.041211916256724414}, {'class_idx': 6, 'pretrain_idx': 11443, 'n_positives': np.float32(2160.0), 'auroc': 0.8884435033984008, 'ap': 0.614606520078013}, {'class_idx': 7, 'pretrain_idx': 6170, 'n_positives': np.float32(297.0), 'auroc': 0.2524656767639707, 'ap': 0.004912715172428335}, {'class_idx': 8, 'pretrain_idx': 11497, 'n_positives': np.float32(350.0), 'auroc': 0.9864000094484842, 'ap': 0.6066308379259054}, {'class_idx': 9, 'pretrain_idx': 1878, 'n_positives': np.float32(130.0), 'auroc': 0.8876592687176958, 'ap': 0.033779115656920586}, {'class_idx': 10, 'pretrain_idx': 2591, 'n_positives': np.float32(88.0), 'auroc': 0.7941451264678303, 'ap': 0.1667071945196814}, {'class_idx': 11, 'pretrain_idx': 336, 'n_positives': np.float32(6854.0), 'auroc': 0.9667679867156206, 'ap': 0.9266614523277288}, {'class_idx': 12, 'pretrain_idx': 6143, 'n_positives': np.float32(102.0), 'auroc': 0.7705191369006887, 'ap': 0.07018630040804025}, {'class_idx': 13, 'pretrain_idx': 14726, 'n_positives': np.float32(1446.0), 'auroc': 0.8159706349381343, 'ap': 0.33036030162455565}, {'class_idx': 14, 'pretrain_idx': 8373, 'n_positives': np.float32(1349.0), 'auroc': 0.9664011344373079, 'ap': 0.6178985400366324}, {'class_idx': 15, 'pretrain_idx': 4833, 'n_positives': np.float32(4.0), 'auroc': 0.7131070346408975, 'ap': 0.002652739156112517}, {'class_idx': 16, 'pretrain_idx': 7428, 'n_positives': np.float32(12.0), 'auroc': 0.981287827076223, 'ap': 0.21805336665222677}, {'class_idx': 17, 'pretrain_idx': 4301, 'n_positives': np.float32(4175.0), 'auroc': 0.8914836361409396, 'ap': 0.6052272884442838}, {'class_idx': 18, 'pretrain_idx': 6091, 'n_positives': np.float32(2967.0), 'auroc': 0.8866366833505357, 'ap': 0.46004989919580846}, {'class_idx': 19, 'pretrain_idx': 7441, 'n_positives': np.float32(465.0), 'auroc': 0.9067311019394791, 'ap': 0.1291299847101392}, {'class_idx': 20, 'pretrain_idx': 7440, 'n_positives': np.float32(546.0), 'auroc': 0.9190417933179287, 'ap': 0.1368823680424079}, {'class_idx': 21, 'pretrain_idx': 2697, 'n_positives': np.float32(12403.0), 'auroc': 0.9095132357655779, 'ap': 0.8569719563653814}, {'class_idx': 22, 'pretrain_idx': 5819, 'n_positives': np.float32(1704.0), 'auroc': 0.7893751069283668, 'ap': 0.26438947584696176}, {'class_idx': 23, 'pretrain_idx': 3636, 'n_positives': np.float32(119.0), 'auroc': 0.9316211505687768, 'ap': 0.2694926134022916}, {'class_idx': 24, 'pretrain_idx': 2247, 'n_positives': np.float32(122.0), 'auroc': 0.900791724936754, 'ap': 0.3840171785553897}, {'class_idx': 25, 'pretrain_idx': 6933, 'n_positives': np.float32(2720.0), 'auroc': 0.9050274328854695, 'ap': 0.609670977522893}, {'class_idx': 26, 'pretrain_idx': 5368, 'n_positives': np.float32(496.0), 'auroc': 0.5214099838357116, 'ap': 0.0783456537515913}], 'n_valid_classes': 27, 'all_probs': array([[0.31837764, 0.2649047 , 0.01713693, ..., 0.53794354, 0.36808923,
        0.14199716],
       [0.35509434, 0.20710018, 0.02783104, ..., 0.20035659, 0.3773391 ,
        0.16161944],
       [0.17739266, 0.16372575, 0.00653431, ..., 0.34600484, 0.28668168,
        0.26203132],
       ...,
       [0.30812448, 0.3965276 , 0.00708292, ..., 0.53433937, 0.53094023,
        0.24033506],
       [0.28004643, 0.49764296, 0.00653898, ..., 0.67620313, 0.30541754,
        0.17213759],
       [0.25618607, 0.21330123, 0.02008434, ..., 0.2811667 , 0.74421054,
        0.2517333 ]], dtype=float32), 'all_labels': array([[0., 0., 0., ..., 0., 0., 0.],
       [0., 0., 0., ..., 0., 0., 0.],
       [0., 0., 0., ..., 0., 0., 0.],
       ...,
       [0., 0., 0., ..., 0., 0., 0.],
       [0., 0., 0., ..., 0., 0., 0.],
       [0., 0., 0., ..., 0., 0., 0.]], dtype=float32)}
Audio-only macro scores: AUROC 0.8626462447788923 cmAP 0.29423963491182414
Spatiotemporally-aware macro scores: AUROC 0.8078492886339953 cmAP: 0.2902047315947792
UHH
10
