ExplicitMaxout parameters: 227,414,520
ExplicitMaxout parameters: 303,255,032
['0', '1', '2', '3', '4', '5', '6', '7', '8', '9']
['hawgoo', 'calqua', 'wiltur', 'kalphe', 'blkfra', 'chukar', 'ercfra', 'barpet', 'hawpet1', 'hawhaw']
[1747, 2032, 7883, 7399, 5207, 370, 11443, 6170, 11497, 1878, 2591, 336, 6143, 14726, 8373, 4833, 7428, 4301, 6091, 7441, 7440, 2697, 5819, 3636, 2247, 6933, 5368]
(36637, 165)
[[[11], [], [11], [], [11], [11, 21], [], [], [18, 14], [], [11, 21], [6], [21], [21], [25, 17], [21, 6], [25, 21], [6, 22], [21], [21, 11], [21, 11], [11], [], [6], [], [18, 17], [], [], [], [], [21], [21], [13, 21], [21], [25], [18], [11], [21], [21], [25], [22, 21], [], [], [11], [], [25, 21, 11], [6], [17], [6], [], [], [21, 17, 24], [11], [22], [18, 14, 13], [21], [21], [], [22, 25], [17, 25], [], [25, 18, 14, 17], [], [25, 14, 21], [17, 14], [22], [21], [], [], [], [21], [13, 11], [11], [21], [], [17, 13], [18, 17, 14], [], [21], [11, 21], [21], [11], [], [18, 20, 19], [21], [21, 2], [], [], [11], [21], [17, 21], [11], [21, 22], [22, 26, 21, 6], [], [21], [11], [14], [18], [11], [], [21, 13], [], [], [25, 21, 17], [13], [], [25, 21, 13], [17], [26], [], [17, 25], [17, 18, 12], [], [18], [11], [21], [11], [], [], [17, 18], [11], [21, 11], [11], [17], [25, 21], [21], [17, 14, 21]], [[], [21], [11], [21], [18, 13], [], [11], [], [], [21], [], [17], [21], [], [22], [21], [], [12, 21], [], [], [21], [11, 21, 6], [21], [], [17], [21, 13], [21], [7], [19, 17, 18], [11], [11, 21], [20, 17, 18], [17], [22], [21], [], [], [], [6], [25], [19, 18], [], [21], [7], [11], [21], [], [], [], [11], [18, 21, 17], [11], [], [11], [18, 17], [21], [21, 17, 18], [], [14], [22], [21, 25], [18], [], [21], [26], [], [17, 19, 18], [], [11], [21], [21], [21, 11], [], [21], [25, 17, 18], [21], [21], [21], [22], [21], [], [21], [21], [21], [], [], [21, 17], [21], [], [24], [11], [11, 21], [25, 18, 21], [], [11, 6, 22], [21], [], [17], [14, 18], [11, 13], [6, 21], [], [11, 21], [25], [], [18, 17], [], [21], [], [11, 21], [], [17], [], [21], [21], [21], [11, 21], [21], [21, 6], [6], [21], [], [11], [], [11], [17, 18], [], [9]], [[21], [], [21], [11, 21], [13], [25, 21], [21], [17, 18], [], [26, 21], [], [17, 18], [25, 21], [11, 21], [21], [], [22], [21], [23], [11, 13], [], [19, 21], [17], [17], [11], [], [22], [17], [21], [], [], [21], [21, 11], [11], [], [], [8], [21, 17], [], [25], [], [], [17], [17], [22, 21], [25, 18, 19], [], [21], [25, 21], [], [21], [], [21, 26], [21], [21], [21, 17], [], [11, 21], [22], [22], [], [], [21], [], [11], [22], [], [21, 13], [7], [21], [21], [21, 6], [18, 25, 14], [2, 6], [8], [11], [21], [], [25], [21, 11], [18], [], [13, 21, 25], [25, 13, 17], [21], [21, 11], [14, 18, 17, 21], [18, 21, 17], [], [], [25, 19], [], [], [17, 25], [], [11], [21], [14, 18], [], [7], [17], [], [21, 13, 25], [], [17], [], [21], [21, 5], [18, 19, 17], [], [], [], [11, 6], [], [], [11], [22], [21], [11], [], [11, 6], [17], [21], [21], [], [6], [], [25, 21]], [[21], [18], [18], [11], [], [11], [17], [11, 21], [], [21, 6], [11, 21], [], [21], [22], [], [], [11], [13, 17], [], [], [], [], [11], [21, 11], [], [9], [], [], [21], [], [22, 21], [], [21], [21], [21], [19, 17, 18], [17], [11], [], [], [], [], [18, 13], [], [18, 14, 21], [21], [], [21], [18], [21, 11], [22], [21], [22, 21], [11, 21], [25, 21, 18], [], [21], [8], [18, 14], [6, 21], [21], [6], [25], [21], [], [11], [18, 17, 21], [], [21], [], [21], [], [21], [17], [17, 19, 21], [], [], [], [11], [25, 18], [21], [21], [13], [11], [], [], [12, 21], [11, 13], [22], [13], [], [11, 21], [22], [17, 18], [21], [21, 11], [], [11], [17], [11], [21, 17, 25], [11], [21], [], [17], [18, 17, 10], [11, 21], [25, 11], [21, 25, 17], [21, 11], [11], [21], [17], [7], [], [], [11, 6], [25], [], [], [22], [21], [], [], [25], [18], [11], [11]], [[], [11, 21], [25], [21], [11, 22, 12], [21], [11], [22], [11, 21], [21], [21, 11], [21], [21, 13], [11], [25], [], [8], [], [], [17], [18, 14], [18, 14, 17, 25], [], [18], [18, 20, 14, 25, 17], [6, 11], [21], [21, 11], [17], [], [21], [22, 13], [18], [], [], [], [], [21], [13, 21], [21], [21, 6], [], [], [17], [18, 17], [25, 11], [1, 21], [], [], [21], [11, 21], [], [], [11, 21], [21], [14, 21, 17], [21], [], [17], [11], [21], [21], [11, 6], [21], [], [6, 21], [], [17, 18], [13], [], [21], [21], [], [11], [], [], [14, 25, 17], [], [18, 17], [], [11, 25], [21, 13], [], [11], [21], [11], [11, 21], [], [11], [21], [18], [21, 11, 22], [6, 21], [21], [6, 22], [], [21], [25], [11], [6, 21], [11, 21], [21], [17, 14], [25, 13], [17], [], [], [18], [6], [], [11], [11, 6], [26, 21], [21, 22], [], [], [], [14, 13], [21], [21], [21], [11], [], [11], [21], [6], [21, 13], []], [[21], [21, 11], [], [14, 25], [21], [9], [11], [11], [11], [21], [21], [6, 21], [7], [11, 25], [17, 21], [21, 11], [18, 19, 21, 13, 17, 20], [], [], [25, 17], [21, 26], [6, 11], [13], [11, 21], [25, 18], [21], [21, 22], [], [11], [6, 13], [11], [13, 21], [18], [6, 21, 26], [22], [], [13, 14, 17], [], [24, 17], [11], [], [26], [11, 6], [21], [11, 6], [6], [21], [], [], [21], [], [], [17], [21, 22], [11], [18, 14], [18, 17], [21, 22], [21], [11], [21], [26, 21], [14, 17], [21], [17, 25], [18], [25, 17], [25, 21, 17], [17], [21, 25], [], [21], [17], [11], [21], [6, 21], [21], [18], [6, 21], [13, 25, 14], [], [11, 21], [18, 21, 17, 25], [], [25, 18], [], [21], [11], [23, 22], [], [22], [], [], [], [21, 13], [25, 21], [11], [21], [21, 11], [21], [21], [21, 23], [], [21], [25, 21], [11], [20, 17, 13], [11, 21], [18], [25], [21], [], [], [21], [11], [18, 25], [6], [], [17, 18], [11, 21], [], [6], [21, 19, 14], [21, 13], [21], [11, 21], [22], [21]], [[21], [21], [], [], [11, 21], [11], [21], [21], [25, 19, 20, 18], [17, 18], [], [], [17, 18], [], [], [], [17], [25], [11], [21], [8], [18], [12, 24, 14], [], [21], [17], [], [21], [21], [11], [], [11, 22], [21], [19, 17], [21], [11, 21], [], [], [17], [], [17, 18, 25], [22], [], [11], [], [21, 11], [13, 18, 14], [11, 21], [], [21, 22], [11, 21], [21, 11], [], [], [17], [21], [], [21], [], [22, 21], [], [21], [11], [11, 21], [21], [], [21], [21], [18], [21, 11], [6, 21], [21, 22], [13, 17], [11], [17], [11], [21], [18], [21], [11, 21], [19, 17, 18], [], [], [21], [], [21], [], [21], [21], [], [], [25, 21], [14, 25], [], [21], [17, 18], [12], [21], [21], [], [], [], [11], [18, 25], [], [], [11], [], [], [], [], [], [11, 21], [], [25], [22], [26, 21, 11], [6, 21], [], [13], [], [], [21, 6], [22, 21, 11], [21, 22], [], [13, 2], [11]], [[21], [21, 6], [], [21], [], [13], [], [], [], [17, 21], [], [11, 25], [], [], [11, 21], [21], [17], [13], [18, 17], [11], [], [21], [], [8], [17], [11], [], [18, 17, 14], [11], [21], [14, 21], [14, 25, 17, 20, 18], [21], [11], [11, 21], [25, 21], [25, 21], [11], [21], [13, 25], [17, 25], [11], [6, 11], [], [17, 20], [21], [], [25, 14, 17], [], [17, 21], [21, 11], [11], [], [], [], [21], [], [11, 21], [], [11], [21, 9], [6, 21], [], [], [11, 6], [21], [], [11], [21], [17, 25], [21], [11, 6, 21], [21], [21, 6], [11], [21], [], [11], [13, 18], [], [21], [17, 13, 18], [21, 13], [21], [], [], [17, 18, 25], [18, 14], [21], [], [], [21], [], [11, 21], [], [], [11, 6], [11, 13, 21], [21, 18, 25], [], [21], [17], [17, 25], [17, 25], [21], [11], [], [21], [], [25, 11, 21, 22], [25, 21], [11], [14], [21], [18, 14, 17], [], [], [], [], [14, 17, 25], [21], [21], [25, 18, 19, 20], [11], [6], [21], [11], [25, 17]], [[22], [22], [11], [], [21], [21], [21, 11], [11], [11, 21], [11, 21], [21, 22], [11], [17, 18, 21], [], [], [14], [18, 14, 17], [11, 6], [25], [14], [17], [21, 11], [17], [], [14], [11], [], [], [21, 22], [18, 14, 17], [21], [18], [21], [18, 17], [11], [25, 14], [21, 14], [11, 21], [18, 14, 13, 20], [11], [25], [25], [26, 21], [20], [18], [], [], [], [21, 13, 25, 19], [21], [21], [21, 11], [6, 21], [], [6], [21], [], [21], [22, 2], [18, 17], [], [], [], [18, 20], [], [], [], [21], [17, 14], [], [], [], [], [21], [11], [25, 17], [], [17, 18], [22], [], [25, 17], [], [], [6], [6], [21], [17, 21], [], [6, 11], [13], [21], [25, 17, 14], [], [], [21], [21], [13], [21], [], [21], [18, 14], [], [], [17, 18], [], [21], [13], [17], [21], [21, 11], [6, 11], [], [11], [], [], [], [], [], [], [22], [11], [18], [12], [], [], [], [21], []], [[], [6], [11], [], [21], [], [11, 25, 21], [22], [25, 22, 21], [21], [14, 25, 19], [], [18, 13, 17], [21, 25, 14, 17], [], [21], [21], [21], [18], [17], [21, 18, 17], [], [11], [21], [18], [21], [], [11, 6, 21], [11], [21], [11], [18, 21], [], [], [21], [21], [11], [26, 21], [17], [21], [21], [21, 13], [22], [13, 17], [21], [18], [21], [], [11], [14, 17], [18], [], [11, 6, 21], [9], [6, 21, 25], [11], [], [], [11], [21], [21, 18], [17, 18, 21], [14, 20], [17], [], [], [], [21], [], [11], [], [21, 11], [14, 17], [21, 22], [], [26], [17], [11, 6], [18], [21], [], [17], [6, 11, 21], [21, 25, 17], [17], [], [21], [25], [], [24, 21, 22], [6], [], [11], [25], [21, 6], [], [22], [], [21], [17], [13], [21], [17], [], [20], [21], [25], [11], [17], [21], [13], [17, 18], [21], [11], [], [], [], [25], [6], [18, 17, 14], [18], [18, 14], [], [9, 21], [18], [], [], [21]]]

=== DATA SHAPE CHECK ===
Audio embeddings: (36637, 1536)
ST encodings: (36637, 165)
Labels multi-hot: (36637, 27)
(36637, 1536)
(36637, 165)
(36637, 27)
Dataset using numpy arrays
36637
Class 0 (pretrain 1747): AUROC=0.142, AP=0.000, positives=1.0
Class 1 (pretrain 2032): AUROC=0.898, AP=0.074, positives=42.0
Class 2 (pretrain 7883): AUROC=0.947, AP=0.108, positives=48.0
Class 3 (pretrain 7399): AUROC=0.753, AP=0.001, positives=3.0
Class 4 (pretrain 5207): AUROC=0.954, AP=0.001, positives=2.0
Class 5 (pretrain 370): AUROC=0.935, AP=0.062, positives=24.0
Class 6 (pretrain 11443): AUROC=0.897, AP=0.661, positives=2160.0
Class 7 (pretrain 6170): AUROC=0.999, AP=0.876, positives=297.0
Class 8 (pretrain 11497): AUROC=0.890, AP=0.369, positives=350.0
Class 9 (pretrain 1878): AUROC=0.603, AP=0.010, positives=130.0
Class 10 (pretrain 2591): AUROC=0.883, AP=0.216, positives=88.0
Class 11 (pretrain 336): AUROC=0.962, AP=0.914, positives=6854.0
Class 12 (pretrain 6143): AUROC=0.650, AP=0.050, positives=102.0
Class 13 (pretrain 14726): AUROC=0.846, AP=0.358, positives=1446.0
Class 14 (pretrain 8373): AUROC=0.889, AP=0.485, positives=1349.0
Class 15 (pretrain 4833): AUROC=0.767, AP=0.006, positives=4.0
Class 16 (pretrain 7428): AUROC=0.948, AP=0.242, positives=12.0
Class 17 (pretrain 4301): AUROC=0.847, AP=0.492, positives=4175.0
Class 18 (pretrain 6091): AUROC=0.886, AP=0.477, positives=2967.0
Class 19 (pretrain 7441): AUROC=0.825, AP=0.079, positives=465.0
Class 20 (pretrain 7440): AUROC=0.850, AP=0.148, positives=546.0
Class 21 (pretrain 2697): AUROC=0.844, AP=0.765, positives=12403.0
Class 22 (pretrain 5819): AUROC=0.839, AP=0.337, positives=1704.0
Class 23 (pretrain 3636): AUROC=0.954, AP=0.288, positives=119.0
Class 24 (pretrain 2247): AUROC=0.906, AP=0.425, positives=122.0
Class 25 (pretrain 6933): AUROC=0.930, AP=0.674, positives=2720.0
Class 26 (pretrain 5368): AUROC=0.553, AP=0.092, positives=496.0
Audio-only scores: {'macro_auroc': np.float64(0.8294610317952185), 'cmap': np.float64(0.30403393286698444), 'micro_auroc': 0.8914912676262865, 'micro_map': 0.48323798015869, 'auroc_per_class': [0.14215525712414023, 0.898011698189318, 0.947013332786721, 0.7530891157576749, 0.9540057322232838, 0.934697602855088, 0.8968085473514817, 0.9988815878469153, 0.8896321783873802, 0.6029303126270831, 0.8830259626553643, 0.9615963724025337, 0.6499370735019065, 0.846374151523166, 0.8889903543251179, 0.766945104141075, 0.9478612059158134, 0.8465892796994883, 0.8859832526667712, 0.8248348095538758, 0.8500994586029637, 0.8440498565975211, 0.8387193479294837, 0.9541809932801644, 0.9062231330937431, 0.9298581940515687, 0.552953943381255], 'ap_per_class': [3.181774793980082e-05, 0.0737011140777967, 0.10820998059962411, 0.0012453356942374952, 0.0008642242155697251, 0.0621760705077668, 0.661236834464745, 0.8757403119405311, 0.3688725037583717, 0.010265433588361657, 0.21570801535900233, 0.9135729336516728, 0.05041446125130923, 0.35779522943126424, 0.48542096877505825, 0.00552314006041953, 0.24153377964364572, 0.49224012361435304, 0.47721245921590627, 0.0786475814998547, 0.14785948152591977, 0.7645755533543037, 0.3373286379813763, 0.2878475159795807, 0.42465177441297797, 0.6737696001266635, 0.09247130493032582], 'class_info': [{'class_idx': 0, 'pretrain_idx': 1747, 'n_positives': np.float32(1.0), 'auroc': 0.14215525712414023, 'ap': 3.181774793980082e-05}, {'class_idx': 1, 'pretrain_idx': 2032, 'n_positives': np.float32(42.0), 'auroc': 0.898011698189318, 'ap': 0.0737011140777967}, {'class_idx': 2, 'pretrain_idx': 7883, 'n_positives': np.float32(48.0), 'auroc': 0.947013332786721, 'ap': 0.10820998059962411}, {'class_idx': 3, 'pretrain_idx': 7399, 'n_positives': np.float32(3.0), 'auroc': 0.7530891157576749, 'ap': 0.0012453356942374952}, {'class_idx': 4, 'pretrain_idx': 5207, 'n_positives': np.float32(2.0), 'auroc': 0.9540057322232838, 'ap': 0.0008642242155697251}, {'class_idx': 5, 'pretrain_idx': 370, 'n_positives': np.float32(24.0), 'auroc': 0.934697602855088, 'ap': 0.0621760705077668}, {'class_idx': 6, 'pretrain_idx': 11443, 'n_positives': np.float32(2160.0), 'auroc': 0.8968085473514817, 'ap': 0.661236834464745}, {'class_idx': 7, 'pretrain_idx': 6170, 'n_positives': np.float32(297.0), 'auroc': 0.9988815878469153, 'ap': 0.8757403119405311}, {'class_idx': 8, 'pretrain_idx': 11497, 'n_positives': np.float32(350.0), 'auroc': 0.8896321783873802, 'ap': 0.3688725037583717}, {'class_idx': 9, 'pretrain_idx': 1878, 'n_positives': np.float32(130.0), 'auroc': 0.6029303126270831, 'ap': 0.010265433588361657}, {'class_idx': 10, 'pretrain_idx': 2591, 'n_positives': np.float32(88.0), 'auroc': 0.8830259626553643, 'ap': 0.21570801535900233}, {'class_idx': 11, 'pretrain_idx': 336, 'n_positives': np.float32(6854.0), 'auroc': 0.9615963724025337, 'ap': 0.9135729336516728}, {'class_idx': 12, 'pretrain_idx': 6143, 'n_positives': np.float32(102.0), 'auroc': 0.6499370735019065, 'ap': 0.05041446125130923}, {'class_idx': 13, 'pretrain_idx': 14726, 'n_positives': np.float32(1446.0), 'auroc': 0.846374151523166, 'ap': 0.35779522943126424}, {'class_idx': 14, 'pretrain_idx': 8373, 'n_positives': np.float32(1349.0), 'auroc': 0.8889903543251179, 'ap': 0.48542096877505825}, {'class_idx': 15, 'pretrain_idx': 4833, 'n_positives': np.float32(4.0), 'auroc': 0.766945104141075, 'ap': 0.00552314006041953}, {'class_idx': 16, 'pretrain_idx': 7428, 'n_positives': np.float32(12.0), 'auroc': 0.9478612059158134, 'ap': 0.24153377964364572}, {'class_idx': 17, 'pretrain_idx': 4301, 'n_positives': np.float32(4175.0), 'auroc': 0.8465892796994883, 'ap': 0.49224012361435304}, {'class_idx': 18, 'pretrain_idx': 6091, 'n_positives': np.float32(2967.0), 'auroc': 0.8859832526667712, 'ap': 0.47721245921590627}, {'class_idx': 19, 'pretrain_idx': 7441, 'n_positives': np.float32(465.0), 'auroc': 0.8248348095538758, 'ap': 0.0786475814998547}, {'class_idx': 20, 'pretrain_idx': 7440, 'n_positives': np.float32(546.0), 'auroc': 0.8500994586029637, 'ap': 0.14785948152591977}, {'class_idx': 21, 'pretrain_idx': 2697, 'n_positives': np.float32(12403.0), 'auroc': 0.8440498565975211, 'ap': 0.7645755533543037}, {'class_idx': 22, 'pretrain_idx': 5819, 'n_positives': np.float32(1704.0), 'auroc': 0.8387193479294837, 'ap': 0.3373286379813763}, {'class_idx': 23, 'pretrain_idx': 3636, 'n_positives': np.float32(119.0), 'auroc': 0.9541809932801644, 'ap': 0.2878475159795807}, {'class_idx': 24, 'pretrain_idx': 2247, 'n_positives': np.float32(122.0), 'auroc': 0.9062231330937431, 'ap': 0.42465177441297797}, {'class_idx': 25, 'pretrain_idx': 6933, 'n_positives': np.float32(2720.0), 'auroc': 0.9298581940515687, 'ap': 0.6737696001266635}, {'class_idx': 26, 'pretrain_idx': 5368, 'n_positives': np.float32(496.0), 'auroc': 0.552953943381255, 'ap': 0.09247130493032582}], 'n_valid_classes': 27, 'all_probs': array([[7.2248731e-05, 3.1890342e-04, 1.9880071e-04, ..., 2.7700432e-04,
        3.9373987e-05, 4.1080337e-05],
       [2.2604653e-04, 8.9699817e-05, 1.5813577e-03, ..., 3.0542237e-03,
        2.6318457e-05, 3.3880991e-05],
       [5.3685112e-06, 8.5014271e-06, 8.3624918e-06, ..., 2.5141357e-05,
        5.2022278e-06, 1.2690414e-05],
       ...,
       [1.1580111e-04, 4.0388532e-04, 3.1668117e-04, ..., 5.2506791e-04,
        8.3425439e-05, 5.4745535e-05],
       [1.7003107e-05, 3.8289258e-04, 1.5997349e-03, ..., 7.4531143e-03,
        1.5176472e-05, 1.6436938e-05],
       [2.5763975e-05, 7.7465826e-05, 2.0974939e-04, ..., 1.9004031e-04,
        1.7968134e-04, 3.4311870e-05]], dtype=float32), 'all_labels': array([[0., 0., 0., ..., 0., 0., 0.],
       [0., 0., 0., ..., 0., 0., 0.],
       [0., 0., 0., ..., 0., 0., 0.],
       ...,
       [0., 0., 0., ..., 0., 0., 0.],
       [0., 0., 0., ..., 0., 0., 0.],
       [0., 0., 0., ..., 0., 0., 0.]], dtype=float32)}
Class 0 (pretrain 1747): AUROC=0.023, AP=0.000, positives=1.0
Class 1 (pretrain 2032): AUROC=0.912, AP=0.088, positives=42.0
Class 2 (pretrain 7883): AUROC=0.971, AP=0.274, positives=48.0
Class 3 (pretrain 7399): AUROC=0.576, AP=0.001, positives=3.0
Class 4 (pretrain 5207): AUROC=0.764, AP=0.000, positives=2.0
Class 5 (pretrain 370): AUROC=0.851, AP=0.040, positives=24.0
Class 6 (pretrain 11443): AUROC=0.888, AP=0.604, positives=2160.0
Class 7 (pretrain 6170): AUROC=0.991, AP=0.699, positives=297.0
Class 8 (pretrain 11497): AUROC=0.993, AP=0.796, positives=350.0
Class 9 (pretrain 1878): AUROC=0.809, AP=0.034, positives=130.0
Class 10 (pretrain 2591): AUROC=0.749, AP=0.204, positives=88.0
Class 11 (pretrain 336): AUROC=0.963, AP=0.919, positives=6854.0
Class 12 (pretrain 6143): AUROC=0.752, AP=0.127, positives=102.0
Class 13 (pretrain 14726): AUROC=0.793, AP=0.337, positives=1446.0
Class 14 (pretrain 8373): AUROC=0.971, AP=0.662, positives=1349.0
Class 15 (pretrain 4833): AUROC=0.791, AP=0.006, positives=4.0
Class 16 (pretrain 7428): AUROC=0.959, AP=0.210, positives=12.0
Class 17 (pretrain 4301): AUROC=0.855, AP=0.560, positives=4175.0
Class 18 (pretrain 6091): AUROC=0.846, AP=0.425, positives=2967.0
Class 19 (pretrain 7441): AUROC=0.912, AP=0.152, positives=465.0
Class 20 (pretrain 7440): AUROC=0.927, AP=0.187, positives=546.0
Class 21 (pretrain 2697): AUROC=0.905, AP=0.854, positives=12403.0
Class 22 (pretrain 5819): AUROC=0.829, AP=0.317, positives=1704.0
Class 23 (pretrain 3636): AUROC=0.946, AP=0.327, positives=119.0
Class 24 (pretrain 2247): AUROC=0.837, AP=0.334, positives=122.0
Class 25 (pretrain 6933): AUROC=0.858, AP=0.566, positives=2720.0
Class 26 (pretrain 5368): AUROC=0.538, AP=0.103, positives=496.0
Spatiotemporally-aware scores: {'macro_auroc': np.float64(0.822500749173524), 'cmap': np.float64(0.3269741767104499), 'micro_auroc': 0.8901603816040263, 'micro_map': 0.5656497148166177, 'auroc_per_class': [0.022573425046402473, 0.9117977345330809, 0.9708689770149499, 0.5761860566686685, 0.7635594376961922, 0.850802083048826, 0.8879437606821079, 0.9906192728977539, 0.9930515060489984, 0.8086078328497591, 0.7489441322856738, 0.9632482514485359, 0.7524082467255412, 0.7928085040604144, 0.9708218376829004, 0.7914380476619441, 0.9590102389078498, 0.8549368123465964, 0.8459639841844088, 0.911656434787675, 0.9272690633556223, 0.9047366880352932, 0.8289569812312746, 0.9457148103778452, 0.8372077048955852, 0.8584247509924746, 0.5379636522187738], 'ap_per_class': [2.7925160569673275e-05, 0.08821600201184016, 0.2741613522866198, 0.0014212521628453269, 0.00020104744889789015, 0.03973934085820516, 0.6043964681513121, 0.6987461498581266, 0.7959490881282281, 0.03428185547576046, 0.20389184988998524, 0.9189225990741147, 0.12746894303868686, 0.3366504994567743, 0.6624459925364539, 0.006152219167017742, 0.21019339630694525, 0.5604424882869459, 0.4248551442176993, 0.15171584660398688, 0.1870540959323978, 0.8542125021115309, 0.31658429557150336, 0.3272039396404754, 0.33410963453721343, 0.5662113472219745, 0.10304749604603884], 'class_info': [{'class_idx': 0, 'pretrain_idx': 1747, 'n_positives': np.float32(1.0), 'auroc': 0.022573425046402473, 'ap': 2.7925160569673275e-05}, {'class_idx': 1, 'pretrain_idx': 2032, 'n_positives': np.float32(42.0), 'auroc': 0.9117977345330809, 'ap': 0.08821600201184016}, {'class_idx': 2, 'pretrain_idx': 7883, 'n_positives': np.float32(48.0), 'auroc': 0.9708689770149499, 'ap': 0.2741613522866198}, {'class_idx': 3, 'pretrain_idx': 7399, 'n_positives': np.float32(3.0), 'auroc': 0.5761860566686685, 'ap': 0.0014212521628453269}, {'class_idx': 4, 'pretrain_idx': 5207, 'n_positives': np.float32(2.0), 'auroc': 0.7635594376961922, 'ap': 0.00020104744889789015}, {'class_idx': 5, 'pretrain_idx': 370, 'n_positives': np.float32(24.0), 'auroc': 0.850802083048826, 'ap': 0.03973934085820516}, {'class_idx': 6, 'pretrain_idx': 11443, 'n_positives': np.float32(2160.0), 'auroc': 0.8879437606821079, 'ap': 0.6043964681513121}, {'class_idx': 7, 'pretrain_idx': 6170, 'n_positives': np.float32(297.0), 'auroc': 0.9906192728977539, 'ap': 0.6987461498581266}, {'class_idx': 8, 'pretrain_idx': 11497, 'n_positives': np.float32(350.0), 'auroc': 0.9930515060489984, 'ap': 0.7959490881282281}, {'class_idx': 9, 'pretrain_idx': 1878, 'n_positives': np.float32(130.0), 'auroc': 0.8086078328497591, 'ap': 0.03428185547576046}, {'class_idx': 10, 'pretrain_idx': 2591, 'n_positives': np.float32(88.0), 'auroc': 0.7489441322856738, 'ap': 0.20389184988998524}, {'class_idx': 11, 'pretrain_idx': 336, 'n_positives': np.float32(6854.0), 'auroc': 0.9632482514485359, 'ap': 0.9189225990741147}, {'class_idx': 12, 'pretrain_idx': 6143, 'n_positives': np.float32(102.0), 'auroc': 0.7524082467255412, 'ap': 0.12746894303868686}, {'class_idx': 13, 'pretrain_idx': 14726, 'n_positives': np.float32(1446.0), 'auroc': 0.7928085040604144, 'ap': 0.3366504994567743}, {'class_idx': 14, 'pretrain_idx': 8373, 'n_positives': np.float32(1349.0), 'auroc': 0.9708218376829004, 'ap': 0.6624459925364539}, {'class_idx': 15, 'pretrain_idx': 4833, 'n_positives': np.float32(4.0), 'auroc': 0.7914380476619441, 'ap': 0.006152219167017742}, {'class_idx': 16, 'pretrain_idx': 7428, 'n_positives': np.float32(12.0), 'auroc': 0.9590102389078498, 'ap': 0.21019339630694525}, {'class_idx': 17, 'pretrain_idx': 4301, 'n_positives': np.float32(4175.0), 'auroc': 0.8549368123465964, 'ap': 0.5604424882869459}, {'class_idx': 18, 'pretrain_idx': 6091, 'n_positives': np.float32(2967.0), 'auroc': 0.8459639841844088, 'ap': 0.4248551442176993}, {'class_idx': 19, 'pretrain_idx': 7441, 'n_positives': np.float32(465.0), 'auroc': 0.911656434787675, 'ap': 0.15171584660398688}, {'class_idx': 20, 'pretrain_idx': 7440, 'n_positives': np.float32(546.0), 'auroc': 0.9272690633556223, 'ap': 0.1870540959323978}, {'class_idx': 21, 'pretrain_idx': 2697, 'n_positives': np.float32(12403.0), 'auroc': 0.9047366880352932, 'ap': 0.8542125021115309}, {'class_idx': 22, 'pretrain_idx': 5819, 'n_positives': np.float32(1704.0), 'auroc': 0.8289569812312746, 'ap': 0.31658429557150336}, {'class_idx': 23, 'pretrain_idx': 3636, 'n_positives': np.float32(119.0), 'auroc': 0.9457148103778452, 'ap': 0.3272039396404754}, {'class_idx': 24, 'pretrain_idx': 2247, 'n_positives': np.float32(122.0), 'auroc': 0.8372077048955852, 'ap': 0.33410963453721343}, {'class_idx': 25, 'pretrain_idx': 6933, 'n_positives': np.float32(2720.0), 'auroc': 0.8584247509924746, 'ap': 0.5662113472219745}, {'class_idx': 26, 'pretrain_idx': 5368, 'n_positives': np.float32(496.0), 'auroc': 0.5379636522187738, 'ap': 0.10304749604603884}], 'n_valid_classes': 27, 'all_probs': array([[3.2598851e-03, 2.5150673e-03, 1.2168683e-04, ..., 8.1254095e-03,
        4.0653781e-03, 1.1550330e-03],
       [5.0104670e-03, 2.3768011e-03, 2.6050638e-04, ..., 2.2800162e-03,
        5.5145593e-03, 1.7542158e-03],
       [4.0631511e-04, 3.6888261e-04, 1.2392739e-05, ..., 9.9684508e-04,
        7.5724529e-04, 6.6901400e-04],
       ...,
       [3.2785744e-03, 4.8372974e-03, 5.2515334e-05, ..., 8.4476229e-03,
        8.3330553e-03, 2.3290666e-03],
       [2.1944181e-03, 5.5885501e-03, 3.7132377e-05, ..., 1.1781439e-02,
        2.4806415e-03, 1.1730361e-03],
       [2.1778510e-03, 1.7144382e-03, 1.2960024e-04, ..., 2.4732770e-03,
        1.8397134e-02, 2.1272639e-03]], dtype=float32), 'all_labels': array([[0., 0., 0., ..., 0., 0., 0.],
       [0., 0., 0., ..., 0., 0., 0.],
       [0., 0., 0., ..., 0., 0., 0.],
       ...,
       [0., 0., 0., ..., 0., 0., 0.],
       [0., 0., 0., ..., 0., 0., 0.],
       [0., 0., 0., ..., 0., 0., 0.]], dtype=float32)}
Audio-only macro scores: AUROC 0.8294610317952185 cmAP 0.30403393286698444
Spatiotemporally-aware macro scores: AUROC 0.822500749173524 cmAP: 0.3269741767104499
UHH
10
